1650442532820, 88
1650442532824, 192
1650442532828, 408
1650442532832, 1184
1650442532836, 3424
1650442532839, 8640
1650442532843, 11520
1650442532852, 11520
1650442532857, 11520
1650442532864, 11520
1650442532876, 11520
1650442532888, 11520
1650442532898, 11520
1650442532900, 11520
1650442532913, 11520
1650442532925, 11520
1650442532938, 11520
1650442532939, 11520
1650442532950, 11520
1650442532963, 11520
1650442532975, 11520
1650442532979, 11520
1650442532988, 11520
1650442532991, 11520
1650442533000, 11520
1650442533004, 11520
1650442533015, 11520
1650442533029, 11520
1650442533036, 11520
1650442533041, 11520
1650442533042, 11520
1650442533048, 11520
1650442533061, 11520
1650442533067, 11520
1650442533082, 11520
1650442533084, 11520
1650442533094, 3072
1650442533104, 3072
1650442533112, 3072
1650442533116, 3072
1650442533122, 3072
1650442533127, 3072
1650442533137, 3072
1650442533153, 3072
1650442533163, 3072
1650442533166, 3072
1650442533177, 3072
1650442533181, 3072
1650442533186, 3072
1650442533189, 3072
1650442533192, 3072
1650442533195, 3072
1650442533197, 3072
1650442533204, 3072
1650442533204, 3072
1650442533211, 3072
1650442533215, 3072
1650442533220, 3072
1650442533225, 3072
1650442533229, 1976
1650442533234, 1976
1650442533237, 1976
1650442533240, 1976
1650442533241, 1976
1650442533244, 1976
1650442533244, 1976
1650442533249, 1976
1650442533252, 1976
1650442533257, 1976
1650442533258, 1976
1650442533263, 1976
1650442533267, 1976
1650442533269, 1976
1650442533272, 1976
1650442533273, 1976
1650442533276, 1976
1650442533279, 1976
1650442533280, 1976
1650442533285, 1976
1650442533286, 1976
1650442533288, 1352
1650442533289, 1352
1650442533293, 1352
1650442533296, 1352
1650442533299, 1352
1650442533299, 1352
1650442533300, 1352
1650442533305, 1352
1650442533306, 1352
1650442533310, 1352
1650442533312, 1352
1650442533314, 896
1650442533316, 896
1650442533317, 896
1650442533320, 896
1650442533325, 896
1650442533325, 896
1650442533326, 896
1650442533329, 896
1650442533330, 896
1650442533334, 896
1650442533336, 896
1650442533337, 896
1650442533339, 896
1650442533341, 896
1650442533343, 896
1650442533346, 896
1650442533349, 896
1650442533351, 896
1650442533352, 896
1650442533355, 896
1650442533358, 504
1650442533358, 504
1650442533361, 504
1650442533363, 504
1650442533365, 504
1650442533367, 504
1650442533368, 504
1650442533370, 504
1650442533372, 504
1650442533373, 504
1650442533376, 504
1650442533378, 504
1650442533381, 504
1650442533383, 504
1650442533385, 312
1650442533388, 312
1650442533391, 312
1650442533392, 312
1650442533392, 312
1650442533399, 312
1650442533402, 312
1650442533405, 312
1650442533407, 312
1650442533408, 312
1650442533409, 312
1650442533416, 312
1650442533418, 312
1650442533423, 312
1650442533425, 312
1650442533438, 312
1650442533444, 312
1650442533448, 312
1650442533458, 312
1650442533476, 160
1650442533479, 160
1650442533488, 160
1650442533493, 168
1650442533511, 200
1650442533518, 200
1650442533529, 200
1650442533530, 200
1650442533539, 200
1650442533558, 200
1650442533562, 200
1650442533569, 200
1650442533575, 200
1650442533594, 200
1650442533610, 200
1650442533611, 200
1650442533624, 200
1650442533629, 200
1650442533644, 200
1650442533651, 200
1650442533660, 200
1650442533680, 200
1650442533691, 200
1650442533692, 200
1650442533703, 200
1650442533722, 200
1650442533730, 200
1650442533732, 200
1650442533745, 200
1650442533769, 200
1650442533773, 200
1650442533784, 200
1650442533789, 200
1650442533809, 200
1650442533814, 200
1650442533827, 200
1650442533832, 200
1650442533838, 200
1650442533854, 200
1650442533865, 200
1650442533878, 200
1650442533885, 200
1650442533895, 200
1650442533897, 200
1650442533910, 168
1650442533920, 168
1650442533934, 176
1650442533936, 176
1650442533941, 176
1650442533950, 176
1650442533970, 176
1650442533975, 176
1650442533977, 176
1650442533987, 184
1650442534000, 184
1650442534005, 184
1650442534017, 184
1650442534018, 184
1650442534024, 184
1650442534037, 184
1650442534041, 184
1650442534053, 184
1650442534061, 184
1650442534066, 184
1650442534075, 184
1650442534082, 184
1650442534093, 184
1650442534100, 184
1650442534106, 184
1650442534111, 184
1650442534121, 184
1650442534123, 184
1650442534132, 184
1650442534143, 184
1650442534157, 184
1650442534162, 184
1650442534164, 184
1650442534174, 184
1650442534183, 184
1650442534191, 184
1650442534199, 176
1650442534205, 176
1650442534207, 176
1650442534214, 176
1650442534224, 176
1650442534234, 176
1650442534240, 176
1650442534246, 176
1650442534247, 176
1650442534252, 176
1650442534266, 176
1650442534266, 176
1650442534280, 176
1650442534287, 176
1650442534292, 176
1650442534300, 176
1650442534301, 176
1650442534314, 176
1650442534318, 176
1650442534326, 176
1650442534328, 176
1650442534334, 176
1650442534344, 176
1650442534350, 176
1650442534356, 176
1650442534363, 176
1650442534369, 176
1650442534369, 176
1650442534377, 176
1650442534385, 176
1650442534393, 176
1650442534401, 176
1650442534410, 176
1650442534421, 176
1650442534427, 176
1650442534436, 176
1650442534444, 176
1650442534451, 176
1650442534452, 176
1650442534462, 176
1650442534466, 176
1650442534475, 176
1650442534478, 176
1650442534487, 176
1650442534492, 176
1650442534495, 176
1650442534500, 176
1650442534502, 176
1650442534509, 176
1650442534520, 176
1650442534524, 176
1650442534535, 176
1650442534538, 176
1650442534539, 176
1650442534548, 184
1650442534561, 184
1650442534569, 184
1650442534576, 184
1650442534577, 184
1650442534587, 184
1650442534594, 184
1650442534604, 184
1650442534617, 184
1650442534617, 184
1650442534618, 184
1650442534628, 184
1650442534633, 184
1650442534638, 184
1650442534639, 184
1650442534646, 184
1650442534647, 184
1650442534658, 184
1650442534660, 184
1650442534666, 184
1650442534670, 184
1650442534681, 184
1650442534682, 184
1650442534691, 184
1650442534700, 184
1650442534709, 184
1650442534712, 176
1650442534721, 176
1650442534736, 176
1650442534740, 176
1650442534741, 176
1650442534756, 176
1650442534764, 176
1650442534780, 176
1650442534782, 176
1650442534784, 176
1650442534788, 176
1650442534797, 176
1650442534803, 184
1650442534804, 184
1650442534814, 184
1650442534816, 184
1650442534823, 184
1650442534824, 184
1650442534832, 184
1650442534842, 184
1650442534856, 184
1650442534860, 184
1650442534862, 184
1650442534864, 184
1650442534880, 184
1650442534889, 184
1650442534904, 184
1650442534905, 184
1650442534908, 184
1650442534924, 184
1650442534932, 184
1650442534934, 184
1650442534937, 184
1650442534946, 184
1650442534947, 184
1650442534953, 184
1650442534964, 184
1650442534971, 184
1650442534974, 184
1650442534980, 184
1650442534988, 184
1650442534993, 184
1650442535000, 184
1650442535006, 184
1650442535010, 184
1650442535014, 184
1650442535017, 176
1650442535032, 176
1650442535036, 176
1650442535041, 176
1650442535052, 176
1650442535060, 176
1650442535074, 176
1650442535080, 184
1650442535081, 184
1650442535082, 184
1650442535090, 184
1650442535103, 184
1650442535107, 184
1650442535113, 184
1650442535123, 184
1650442535127, 184
1650442535131, 184
1650442535132, 184
1650442535139, 184
1650442535148, 184
1650442535158, 184
1650442535163, 184
1650442535166, 184
1650442535168, 184
1650442535172, 184
1650442535176, 184
1650442535190, 184
1650442535194, 184
1650442535202, 184
1650442535208, 184
1650442535213, 184
1650442535222, 184
1650442535233, 184
1650442535238, 184
1650442535246, 184
1650442535248, 184
1650442535250, 184
1650442535265, 184
1650442535270, 184
1650442535277, 184
1650442535286, 184
1650442535290, 184
1650442535291, 184
1650442535296, 176
1650442535305, 176
1650442535314, 176
1650442535324, 176
1650442535329, 176
1650442535332, 176
1650442535336, 176
1650442535337, 176
1650442535342, 176
1650442535343, 176
1650442535356, 176
1650442535363, 176
1650442535371, 176
1650442535373, 176
1650442535377, 176
1650442535385, 176
1650442535386, 176
1650442535393, 176
1650442535404, 176
1650442535407, 184
1650442535414, 184
1650442535416, 184
1650442535418, 184
1650442535432, 184
1650442535440, 184
1650442535445, 184
1650442535453, 184
1650442535455, 184
1650442535461, 184
1650442535473, 184
1650442535474, 184
1650442535480, 184
1650442535494, 184
1650442535499, 184
1650442535500, 184
1650442535506, 184
1650442535512, 184
1650442535517, 184
1650442535522, 184
1650442535532, 184
1650442535539, 184
1650442535541, 184
1650442535546, 184
1650442535549, 184
1650442535554, 184
1650442535564, 184
1650442535575, 184
1650442535578, 184
1650442535582, 184
1650442535590, 184
1650442535591, 184
1650442535594, 184
1650442535600, 184
1650442535608, 184
1650442535618, 184
1650442535623, 184
1650442535625, 184
1650442535630, 184
1650442535638, 184
1650442535650, 184
1650442535658, 184
1650442535664, 184
1650442535673, 184
1650442535676, 184
1650442535684, 184
1650442535687, 184
1650442535689, 184
1650442535697, 184
1650442535707, 184
1650442535712, 184
1650442535718, 184
1650442535722, 184
1650442535727, 176
1650442535731, 176
1650442535737, 176
1650442535746, 176
1650442535756, 176
1650442535757, 176
1650442535758, 176
1650442535759, 176
1650442535767, 176
1650442535771, 176
1650442535776, 176
1650442535791, 176
1650442535796, 176
1650442535799, 176
1650442535800, 176
1650442535802, 176
1650442535813, 176
1650442535819, 184
1650442535832, 184
1650442535836, 184
1650442535840, 184
1650442535844, 184
1650442535846, 184
1650442535854, 184
1650442535857, 184
1650442535870, 184
1650442535880, 184
1650442535881, 184
1650442535886, 184
1650442535892, 184
1650442535896, 184
1650442535902, 184
1650442535907, 184
1650442535913, 184
1650442535920, 184
1650442535922, 184
1650442535932, 184
1650442535934, 184
1650442535935, 184
1650442535945, 184
1650442535948, 184
1650442535963, 184
1650442535964, 184
1650442535970, 184
1650442535970, 176
1650442535977, 176
1650442535982, 176
1650442535990, 176
1650442536000, 176
1650442536003, 176
1650442536004, 176
1650442536008, 176
1650442536009, 176
1650442536023, 176
1650442536028, 176
1650442536034, 184
1650442536042, 184
1650442536048, 184
1650442536052, 184
1650442536064, 184
1650442536069, 184
1650442536072, 184
1650442536082, 184
1650442536083, 184
1650442536086, 184
1650442536090, 184
1650442536097, 184
1650442536103, 184
1650442536108, 184
1650442536120, 184
1650442536123, 184
1650442536124, 184
1650442536135, 184
1650442536146, 184
1650442536153, 184
1650442536158, 184
1650442536165, 184
1650442536166, 184
1650442536171, 184
1650442536182, 184
1650442536183, 184
1650442536198, 184
1650442536203, 184
1650442536205, 184
1650442536207, 184
1650442536210, 184
1650442536218, 184
1650442536227, 184
1650442536239, 184
1650442536241, 184
1650442536247, 184
1650442536248, 184
1650442536256, 184
1650442536260, 184
1650442536261, 184
1650442536271, 184
1650442536275, 176
1650442536283, 176
1650442536287, 176
1650442536288, 176
1650442536297, 176
1650442536303, 184
1650442536317, 184
1650442536325, 184
1650442536329, 184
1650442536331, 184
1650442536334, 184
1650442536342, 184
1650442536354, 184
1650442536368, 184
1650442536370, 184
1650442536374, 184
1650442536378, 184
1650442536382, 184
1650442536394, 184
1650442536400, 184
1650442536412, 184
1650442536413, 184
1650442536417, 184
1650442536419, 184
1650442536430, 184
1650442536436, 184
1650442536445, 184
1650442536450, 184
1650442536453, 184
1650442536457, 184
1650442536463, 184
1650442536474, 184
1650442536478, 184
1650442536495, 184
1650442536496, 184
1650442536500, 184
1650442536506, 184
1650442536509, 176
1650442536510, 176
1650442536521, 176
1650442536529, 176
1650442536537, 176
1650442536542, 176
1650442536549, 176
1650442536552, 176
1650442536556, 176
1650442536557, 176
1650442536566, 176
1650442536568, 176
1650442536577, 176
1650442536580, 192
1650442536586, 192
1650442536590, 192
1650442536598, 192
1650442536603, 192
1650442536613, 192
1650442536616, 192
1650442536619, 192
1650442536620, 192
1650442536628, 192
1650442536633, 192
1650442536640, 192
1650442536647, 192
1650442536659, 192
1650442536660, 192
1650442536667, 192
1650442536676, 192
1650442536676, 192
1650442536689, 192
1650442536696, 192
1650442536701, 192
1650442536705, 192
1650442536709, 192
1650442536714, 192
1650442536718, 192
1650442536720, 192
1650442536730, 192
1650442536735, 192
1650442536742, 192
1650442536742, 192
1650442536747, 192
1650442536754, 192
1650442536756, 192
1650442536765, 192
1650442536772, 192
1650442536780, 192
1650442536783, 192
1650442536786, 192
1650442536788, 192
1650442536798, 184
1650442536803, 184
1650442536807, 184
1650442536815, 184
1650442536824, 184
1650442536826, 184
1650442536833, 184
1650442536841, 184
1650442536853, 184
1650442536861, 184
1650442536866, 184
1650442536869, 192
1650442536871, 192
1650442536875, 192
1650442536877, 192
1650442536881, 192
1650442536887, 192
1650442536895, 192
1650442536898, 200
1650442536904, 200
1650442536907, 200
1650442536910, 200
1650442536917, 200
1650442536921, 200
1650442536929, 200
1650442536937, 200
1650442536943, 200
1650442536947, 200
1650442536949, 200
1650442536952, 200
1650442536962, 200
1650442536967, 200
1650442536972, 200
1650442536978, 200
1650442536988, 208
1650442536988, 208
1650442536989, 208
1650442536996, 208
1650442537000, 208
1650442537005, 208
1650442537018, 208
1650442537026, 208
1650442537030, 208
1650442537035, 208
1650442537041, 208
1650442537042, 208
1650442537042, 208
1650442537043, 208
1650442537045, 208
1650442537049, 208
1650442537064, 208
1650442537066, 208
1650442537071, 208
1650442537074, 208
1650442537074, 208
1650442537082, 208
1650442537084, 208
1650442537087, 208
1650442537094, 208
1650442537103, 192
1650442537109, 192
1650442537112, 192
1650442537116, 192
1650442537116, 192
1650442537124, 192
1650442537127, 192
1650442537132, 192
1650442537140, 192
1650442537146, 192
1650442537157, 192
1650442537159, 192
1650442537163, 192
1650442537165, 192
1650442537168, 192
1650442537169, 192
1650442537182, 192
1650442537189, 192
1650442537196, 192
1650442537198, 200
1650442537207, 200
1650442537208, 200
1650442537209, 200
1650442537212, 200
1650442537214, 200
1650442537228, 200
1650442537231, 200
1650442537237, 200
1650442537238, 200
1650442537245, 208
1650442537248, 208
1650442537250, 208
1650442537252, 208
1650442537257, 208
1650442537268, 208
1650442537275, 208
1650442537278, 208
1650442537280, 208
1650442537290, 208
1650442537292, 208
1650442537293, 208
1650442537297, 208
1650442537308, 208
1650442537312, 208
1650442537323, 208
1650442537326, 208
1650442537326, 208
1650442537331, 208
1650442537332, 208
1650442537335, 208
1650442537348, 208
1650442537355, 208
1650442537361, 208
1650442537365, 192
1650442537373, 192
1650442537374, 192
1650442537376, 192
1650442537378, 192
1650442537380, 192
1650442537392, 192
1650442537400, 192
1650442537401, 192
1650442537409, 192
1650442537414, 192
1650442537416, 192
1650442537418, 192
1650442537423, 192
1650442537433, 192
1650442537444, 192
1650442537447, 192
1650442537447, 192
1650442537457, 192
1650442537460, 200
1650442537461, 200
1650442537464, 200
1650442537476, 200
1650442537482, 200
1650442537490, 200
1650442537494, 200
1650442537497, 200
1650442537499, 200
1650442537506, 200
1650442537516, 200
1650442537524, 200
1650442537531, 200
1650442537535, 200
1650442537540, 200
1650442537541, 200
1650442537544, 200
1650442537548, 200
1650442537550, 200
1650442537559, 200
1650442537562, 208
1650442537573, 208
1650442537579, 208
1650442537582, 208
1650442537584, 208
1650442537587, 208
1650442537588, 208
1650442537600, 208
1650442537609, 208
1650442537614, 208
1650442537621, 208
1650442537622, 208
1650442537626, 208
1650442537628, 208
1650442537632, 208
1650442537642, 208
1650442537648, 208
1650442537656, 208
1650442537658, 208
1650442537665, 208
1650442537667, 208
1650442537668, 208
1650442537669, 208
1650442537680, 208
1650442537690, 208
1650442537698, 208
1650442537700, 208
1650442537702, 208
1650442537708, 208
1650442537709, 208
1650442537712, 208
1650442537716, 208
1650442537725, 208
1650442537728, 208
1650442537739, 200
1650442537743, 200
1650442537749, 200
1650442537750, 200
1650442537752, 200
1650442537754, 200
1650442537767, 200
1650442537774, 200
1650442537777, 200
1650442537786, 200
1650442537787, 200
1650442537788, 200
1650442537792, 200
1650442537798, 200
1650442537808, 200
1650442537814, 200
1650442537823, 200
1650442537825, 200
1650442537832, 200
1650442537833, 200
1650442537841, 200
1650442537853, 200
1650442537860, 200
1650442537863, 200
1650442537865, 200
1650442537868, 200
1650442537874, 200
1650442537876, 200
1650442537879, 200
1650442537889, 200
1650442537891, 200
1650442537901, 200
1650442537908, 200
1650442537910, 208
1650442537915, 208
1650442537916, 208
1650442537917, 208
1650442537928, 208
1650442537935, 208
1650442537937, 208
1650442537944, 216
1650442537948, 216
1650442537950, 216
1650442537956, 216
1650442537958, 216
1650442537970, 216
1650442537973, 216
1650442537984, 216
1650442537987, 216
1650442537989, 216
1650442537998, 216
1650442538000, 216
1650442538003, 216
1650442538013, 216
1650442538016, 216
1650442538018, 216
1650442538027, 216
1650442538034, 216
1650442538035, 216
1650442538035, 216
1650442538041, 216
1650442538049, 216
1650442538052, 216
1650442538062, 216
1650442538066, 216
1650442538076, 216
1650442538080, 216
1650442538081, 216
1650442538081, 216
1650442538082, 216
1650442538093, 216
1650442538097, 216
1650442538101, 216
1650442538106, 216
1650442538109, 208
1650442538113, 208
1650442538114, 208
1650442538115, 208
1650442538124, 208
1650442538132, 208
1650442538136, 208
1650442538145, 208
1650442538150, 208
1650442538152, 208
1650442538161, 208
1650442538163, 208
1650442538165, 208
1650442538169, 208
1650442538176, 200
1650442538179, 200
1650442538180, 200
1650442538189, 200
1650442538194, 200
1650442538201, 200
1650442538206, 200
1650442538213, 200
1650442538216, 200
1650442538222, 200
1650442538228, 200
1650442538236, 208
1650442538239, 208
1650442538244, 208
1650442538248, 208
1650442538256, 208
1650442538259, 208
1650442538262, 208
1650442538266, 208
1650442538272, 208
1650442538274, 208
1650442538275, 208
1650442538286, 208
1650442538289, 208
1650442538295, 208
1650442538300, 208
1650442538305, 208
1650442538312, 208
1650442538313, 208
1650442538317, 208
1650442538324, 208
1650442538328, 208
1650442538331, 208
1650442538336, 208
1650442538339, 208
1650442538340, 208
1650442538345, 208
1650442538354, 208
1650442538358, 208
1650442538368, 208
1650442538372, 208
1650442538372, 208
1650442538376, 208
1650442538381, 208
1650442538383, 208
1650442538391, 208
1650442538397, 208
1650442538402, 208
1650442538406, 208
1650442538413, 208
1650442538414, 208
1650442538418, 208
1650442538421, 208
1650442538424, 208
1650442538428, 208
1650442538433, 208
1650442538445, 208
1650442538449, 208
1650442538455, 208
1650442538456, 208
1650442538459, 208
1650442538460, 208
1650442538470, 208
1650442538478, 208
1650442538480, 208
1650442538490, 208
1650442538491, 208
1650442538495, 208
1650442538497, 208
1650442538501, 208
1650442538504, 208
1650442538514, 208
1650442538517, 200
1650442538523, 208
1650442538530, 208
1650442538534, 208
1650442538538, 208
1650442538541, 208
1650442538543, 208
1650442538549, 208
1650442538552, 208
1650442538558, 208
1650442538564, 208
1650442538570, 208
1650442538576, 208
1650442538581, 208
1650442538582, 208
1650442538583, 208
1650442538585, 208
1650442538588, 208
1650442538598, 216
1650442538607, 216
1650442538610, 216
1650442538615, 216
1650442538625, 216
1650442538628, 216
1650442538634, 216
1650442538636, 216
1650442538645, 216
1650442538652, 216
1650442538653, 216
1650442538659, 216
1650442538663, 216
1650442538667, 216
1650442538668, 216
1650442538674, 216
1650442538676, 216
1650442538683, 216
1650442538688, 216
1650442538691, 216
1650442538695, 216
1650442538697, 216
1650442538700, 216
1650442538707, 208
1650442538709, 208
1650442538709, 208
1650442538718, 208
1650442538723, 208
1650442538729, 208
1650442538735, 208
1650442538736, 208
1650442538739, 208
1650442538741, 208
1650442538749, 208
1650442538751, 208
1650442538759, 208
1650442538762, 208
1650442538768, 208
1650442538776, 216
1650442538779, 216
1650442538784, 216
1650442538788, 216
1650442538791, 216
1650442538795, 216
1650442538803, 216
1650442538806, 216
1650442538813, 216
1650442538818, 216
1650442538821, 216
1650442538829, 216
1650442538832, 216
1650442538836, 216
1650442538840, 216
1650442538846, 216
1650442538849, 216
1650442538849, 216
1650442538856, 216
1650442538859, 216
1650442538862, 216
1650442538870, 216
1650442538873, 216
1650442538876, 216
1650442538883, 216
1650442538889, 216
1650442538891, 216
1650442538894, 216
1650442538903, 216
1650442538908, 216
1650442538914, 216
1650442538915, 216
1650442538922, 216
1650442538928, 216
1650442538933, 216
1650442538939, 216
1650442538943, 216
1650442538947, 216
1650442538950, 216
1650442538955, 216
1650442538957, 216
1650442538959, 216
1650442538965, 216
1650442538969, 216
1650442538973, 216
1650442538979, 216
1650442538983, 216
1650442538988, 216
1650442538988, 216
1650442538996, 216
1650442538997, 216
1650442539000, 216
1650442539001, 216
1650442539007, 216
1650442539009, 216
1650442539013, 216
1650442539021, 216
1650442539024, 216
1650442539026, 216
1650442539034, 216
1650442539040, 216
1650442539041, 216
1650442539045, 216
1650442539052, 216
1650442539058, 216
1650442539062, 216
1650442539068, 216
1650442539074, 216
1650442539077, 216
1650442539082, 216
1650442539082, 216
1650442539090, 216
1650442539094, 216
1650442539097, 216
1650442539100, 216
1650442539107, 216
1650442539109, 216
1650442539110, 216
1650442539116, 216
1650442539121, 216
1650442539123, 216
1650442539126, 216
1650442539129, 216
1650442539135, 216
1650442539139, 216
1650442539147, 216
1650442539154, 216
1650442539158, 216
1650442539164, 208
1650442539165, 208
1650442539170, 208
1650442539174, 208
1650442539177, 208
1650442539185, 208
1650442539191, 208
1650442539195, 208
1650442539196, 208
1650442539204, 208
1650442539206, 208
1650442539210, 208
1650442539212, 208
1650442539215, 216
1650442539224, 216
1650442539230, 216
1650442539232, 216
1650442539240, 216
1650442539243, 216
1650442539246, 216
1650442539248, 216
1650442539251, 216
1650442539255, 216
1650442539259, 216
1650442539264, 216
1650442539270, 216
1650442539273, 216
1650442539277, 216
1650442539280, 216
1650442539282, 216
1650442539288, 216
1650442539289, 216
1650442539298, 216
1650442539303, 224
1650442539307, 224
1650442539314, 224
1650442539318, 224
1650442539321, 224
1650442539325, 224
1650442539329, 224
1650442539334, 224
1650442539340, 224
1650442539344, 224
1650442539352, 224
1650442539355, 224
1650442539357, 224
1650442539365, 224
1650442539366, 224
1650442539370, 224
1650442539372, 224
1650442539381, 224
1650442539382, 224
1650442539389, 224
1650442539396, 224
1650442539396, 224
1650442539398, 224
1650442539405, 216
1650442539408, 216
1650442539412, 216
1650442539413, 216
1650442539417, 216
1650442539421, 216
1650442539426, 216
1650442539428, 216
1650442539430, 216
1650442539433, 216
1650442539444, 216
1650442539451, 216
1650442539453, 216
1650442539456, 216
1650442539458, 216
1650442539466, 216
1650442539471, 216
1650442539472, 216
1650442539478, 216
1650442539490, 216
1650442539492, 216
1650442539495, 216
1650442539496, 216
1650442539501, 216
1650442539505, 216
1650442539509, 216
1650442539516, 216
1650442539518, 216
1650442539519, 216
1650442539531, 216
1650442539536, 216
1650442539536, 216
1650442539543, 216
1650442539544, 216
1650442539551, 224
1650442539556, 224
1650442539560, 224
1650442539565, 224
1650442539568, 224
1650442539574, 224
1650442539577, 224
1650442539579, 224
1650442539580, 224
1650442539590, 224
1650442539598, 224
1650442539601, 224
1650442539604, 224
1650442539604, 224
1650442539612, 224
1650442539616, 232
1650442539618, 232
1650442539620, 232
1650442539625, 232
1650442539636, 232
1650442539638, 232
1650442539639, 232
1650442539645, 232
1650442539653, 232
1650442539656, 232
1650442539659, 232
1650442539664, 232
1650442539668, 232
1650442539675, 232
1650442539681, 232
1650442539687, 232
1650442539698, 232
1650442539700, 232
1650442539702, 232
1650442539706, 232
1650442539710, 232
1650442539714, 232
1650442539720, 232
1650442539723, 232
1650442539726, 232
1650442539736, 232
1650442539742, 232
1650442539744, 232
1650442539745, 232
1650442539750, 232
1650442539753, 224
1650442539759, 224
1650442539764, 224
1650442539767, 224
1650442539769, 224
1650442539780, 224
1650442539785, 224
1650442539787, 224
1650442539791, 224
1650442539796, 232
1650442539802, 232
1650442539808, 232
1650442539808, 232
1650442539813, 232
1650442539819, 232
1650442539826, 232
1650442539826, 232
1650442539830, 232
1650442539841, 232
1650442539844, 232
1650442539849, 232
1650442539854, 232
1650442539857, 232
1650442539865, 232
1650442539868, 232
1650442539868, 232
1650442539872, 232
1650442539880, 232
1650442539886, 240
1650442539889, 240
1650442539895, 240
1650442539899, 240
1650442539902, 240
1650442539909, 240
1650442539910, 240
1650442539913, 240
1650442539922, 240
1650442539928, 240
1650442539929, 240
1650442539937, 240
1650442539941, 240
1650442539946, 240
1650442539950, 240
1650442539953, 240
1650442539959, 240
1650442539964, 240
1650442539970, 240
1650442539973, 240
1650442539980, 240
1650442539986, 240
1650442539990, 240
1650442539991, 240
1650442539997, 232
1650442539998, 232
1650442540000, 232
1650442540006, 232
1650442540010, 232
1650442540014, 232
1650442540022, 232
1650442540028, 232
1650442540030, 232
1650442540037, 232
1650442540041, 232
1650442540043, 232
1650442540044, 232
1650442540049, 240
1650442540050, 240
1650442540055, 240
1650442540063, 240
1650442540069, 240
1650442540069, 240
1650442540076, 240
1650442540082, 240
1650442540082, 240
1650442540086, 240
1650442540090, 240
1650442540095, 240
1650442540100, 240
1650442540107, 240
1650442540112, 240
1650442540115, 240
1650442540122, 240
1650442540124, 240
1650442540125, 240
1650442540131, 240
1650442540132, 240
1650442540139, 240
1650442540142, 240
1650442540148, 240
1650442540151, 240
1650442540156, 240
1650442540165, 240
1650442540166, 240
1650442540170, 240
1650442540174, 240
1650442540180, 240
1650442540184, 240
1650442540186, 240
1650442540190, 240
1650442540192, 240
1650442540198, 240
1650442540206, 240
1650442540207, 240
1650442540210, 240
1650442540218, 240
1650442540224, 240
1650442540228, 240
1650442540234, 240
1650442540236, 240
1650442540243, 240
1650442540248, 240
1650442540250, 240
1650442540252, 240
1650442540254, 240
1650442540260, 248
1650442540263, 248
1650442540263, 248
1650442540270, 248
1650442540271, 248
1650442540273, 256
1650442540280, 256
1650442540286, 256
1650442540287, 256
1650442540291, 256
1650442540295, 256
1650442540304, 256
1650442540307, 256
1650442540311, 256
1650442540314, 256
1650442540319, 256
1650442540324, 256
1650442540325, 256
1650442540330, 256
1650442540333, 256
1650442540334, 256
1650442540336, 256
1650442540344, 256
1650442540350, 256
1650442540356, 256
1650442540359, 256
1650442540365, 256
1650442540373, 256
1650442540374, 256
1650442540376, 256
1650442540380, 256
1650442540384, 256
1650442540389, 256
1650442540392, 256
1650442540395, 256
1650442540400, 256
1650442540403, 256
1650442540410, 256
1650442540413, 256
1650442540415, 256
1650442540417, 256
1650442540417, 256
1650442540428, 256
1650442540428, 256
1650442540433, 248
1650442540443, 248
1650442540446, 248
1650442540451, 248
1650442540453, 248
1650442540457, 248
1650442540458, 248
1650442540460, 248
1650442540461, 248
1650442540470, 248
1650442540472, 248
1650442540475, 248
1650442540475, 248
1650442540484, 248
1650442540489, 248
1650442540497, 248
1650442540498, 248
1650442540500, 248
1650442540506, 248
1650442540514, 248
1650442540518, 248
1650442540518, 248
1650442540523, 248
1650442540525, 248
1650442540529, 248
1650442540534, 248
1650442540540, 248
1650442540540, 248
1650442540546, 248
1650442540548, 248
1650442540554, 248
1650442540556, 240
1650442540558, 240
1650442540559, 240
1650442540571, 240
1650442540574, 240
1650442540581, 240
1650442540585, 240
1650442540588, 240
1650442540594, 240
1650442540598, 240
1650442540601, 240
1650442540602, 240
1650442540604, 240
1650442540609, 240
1650442540614, 240
1650442540617, 240
1650442540620, 240
1650442540622, 240
1650442540627, 240
1650442540633, 240
1650442540641, 240
1650442540644, 240
1650442540645, 240
1650442540653, 240
1650442540657, 240
1650442540662, 232
1650442540663, 232
1650442540665, 232
1650442540669, 232
1650442540674, 232
1650442540676, 232
1650442540684, 232
1650442540692, 232
1650442540695, 232
1650442540700, 232
1650442540704, 232
1650442540705, 232
1650442540706, 232
1650442540706, 232
1650442540712, 240
1650442540720, 240
1650442540722, 240
1650442540727, 240
1650442540730, 240
1650442540736, 240
1650442540741, 240
1650442540743, 240
1650442540743, 240
1650442540745, 240
1650442540749, 240
1650442540754, 240
1650442540759, 240
1650442540761, 240
1650442540763, 240
1650442540767, 240
1650442540771, 240
1650442540778, 240
1650442540784, 240
1650442540787, 240
1650442540788, 240
1650442540791, 248
1650442540798, 248
1650442540804, 248
1650442540807, 248
1650442540809, 248
1650442540815, 248
1650442540818, 248
1650442540823, 248
1650442540828, 248
1650442540832, 248
1650442540837, 248
1650442540841, 248
1650442540846, 248
1650442540846, 248
1650442540850, 248
1650442540858, 248
1650442540861, 248
1650442540863, 248
1650442540868, 248
1650442540869, 248
1650442540873, 248
1650442540878, 248
1650442540881, 248
1650442540885, 248
1650442540889, 248
1650442540890, 248
1650442540896, 248
1650442540902, 248
1650442540902, 248
1650442540907, 248
1650442540910, 248
1650442540911, 248
1650442540917, 248
1650442540923, 248
1650442540927, 248
1650442540928, 248
1650442540930, 248
1650442540938, 248
1650442540943, 248
1650442540945, 248
1650442540945, 248
1650442540952, 248
1650442540953, 248
1650442540957, 248
1650442540959, 248
1650442540968, 248
1650442540971, 248
1650442540976, 248
1650442540980, 248
1650442540982, 240
1650442540988, 240
1650442540994, 240
1650442540996, 240
1650442541000, 240
1650442541001, 240
1650442541002, 240
1650442541004, 240
1650442541008, 240
1650442541012, 240
1650442541017, 240
1650442541019, 240
1650442541022, 240
1650442541026, 240
1650442541027, 240
1650442541032, 240
1650442541039, 240
1650442541041, 240
1650442541045, 240
1650442541046, 240
1650442541050, 240
1650442541054, 240
1650442541060, 240
1650442541062, 248
1650442541066, 248
1650442541068, 248
1650442541073, 248
1650442541078, 248
1650442541080, 248
1650442541083, 248
1650442541086, 248
1650442541090, 248
1650442541093, 248
1650442541095, 248
1650442541100, 256
1650442541106, 256
1650442541112, 256
1650442541118, 256
1650442541121, 256
1650442541125, 256
1650442541127, 256
1650442541131, 256
1650442541132, 256
1650442541140, 256
1650442541142, 256
1650442541143, 256
1650442541144, 256
1650442541144, 256
1650442541148, 256
1650442541157, 256
1650442541159, 256
1650442541160, 256
1650442541163, 256
1650442541166, 256
1650442541213, 256
1650442541214, 256
1650442541216, 256
1650442541217, 256
1650442541218, 256
1650442541218, 256
1650442541219, 256
1650442541226, 256
1650442541228, 256
1650442541232, 240
1650442541234, 240
1650442541234, 240
1650442541239, 240
1650442541244, 240
1650442541251, 240
1650442541251, 240
1650442541253, 240
1650442541255, 240
1650442541257, 240
1650442541259, 240
1650442541263, 240
1650442541265, 240
1650442541273, 200
1650442541278, 200
1650442541285, 200
1650442541288, 200
1650442541294, 200
1650442541296, 200
1650442541297, 200
1650442541300, 200
1650442541301, 200
1650442541306, 200
1650442541309, 200
1650442541310, 200
1650442541315, 192
1650442541323, 192
1650442541325, 192
1650442541330, 192
1650442541335, 192
1650442541340, 192
1650442541350, 192
1650442541352, 248
1650442541354, 248
1650442541357, 248
1650442541358, 248
1650442541360, 248
1650442541361, 248
1650442541367, 248
1650442541370, 248
1650442541373, 248
1650442541377, 248
1650442541381, 248
1650442541382, 248
1650442541385, 248
1650442541390, 248
1650442541392, 248
1650442541393, 248
1650442541401, 248
1650442541402, 248
1650442541402, 248
1650442541403, 248
1650442541411, 248
1650442541416, 248
1650442541419, 240
1650442541422, 240
1650442541425, 240
1650442541427, 240
1650442541432, 240
1650442541434, 240
1650442541437, 240
1650442541440, 240
1650442541454, 240
1650442541454, 240
1650442541455, 240
1650442541456, 240
1650442541461, 240
1650442541464, 240
1650442541465, 240
1650442541473, 240
1650442541478, 240
1650442541482, 240
1650442541485, 240
1650442541487, 240
1650442541489, 232
1650442541491, 232
1650442541495, 232
1650442541497, 232
1650442541501, 232
1650442541505, 232
1650442541507, 232
1650442541511, 232
1650442541514, 232
1650442541517, 232
1650442541522, 232
1650442541524, 232
1650442541524, 232
1650442541532, 232
1650442541533, 232
1650442541533, 232
1650442541542, 232
1650442541546, 232
1650442541548, 232
1650442541549, 232
1650442541552, 232
1650442541556, 232
1650442541556, 232
1650442541561, 232
1650442541564, 232
1650442541568, 232
1650442541569, 232
1650442541582, 232
1650442541584, 232
1650442541585, 232
1650442541588, 232
1650442541589, 232
1650442541591, 232
1650442541593, 232
1650442541595, 232
1650442541602, 232
1650442541608, 232
1650442541609, 232
1650442541613, 232
1650442541617, 232
1650442541621, 232
1650442541623, 232
1650442541624, 232
1650442541629, 232
1650442541630, 232
1650442541631, 232
1650442541635, 232
1650442541638, 232
1650442541643, 232
1650442541644, 232
1650442541648, 232
1650442541656, 232
1650442541664, 232
1650442541668, 232
1650442541670, 232
1650442541673, 232
1650442541674, 232
1650442541677, 232
1650442541683, 232
1650442541688, 232
1650442541688, 232
1650442541704, 232
1650442541706, 232
1650442541711, 232
1650442541715, 232
1650442541715, 232
1650442541717, 232
1650442541718, 232
1650442541719, 232
1650442541724, 232
1650442541732, 232
1650442541737, 232
1650442541740, 232
1650442541740, 232
1650442541749, 232
1650442541751, 232
1650442541755, 232
1650442541758, 232
1650442541759, 232
1650442541762, 232
1650442541766, 240
1650442541775, 240
1650442541781, 240
1650442541785, 240
1650442541788, 240
1650442541791, 240
1650442541794, 240
1650442541799, 240
1650442541801, 240
1650442541805, 240
1650442541819, 240
1650442541823, 240
1650442541828, 240
1650442541832, 240
1650442541835, 240
1650442541836, 240
1650442541840, 240
1650442541841, 240
1650442541848, 240
1650442541852, 240
1650442541854, 240
1650442541861, 240
1650442541865, 240
1650442541869, 240
1650442541872, 240
1650442541877, 240
1650442541881, 240
1650442541882, 240
1650442541889, 240
1650442541896, 240
1650442541902, 240
1650442541903, 240
1650442541903, 240
1650442541907, 240
1650442541912, 240
1650442541918, 240
1650442541920, 240
1650442541923, 240
1650442541932, 240
1650442541936, 240
1650442541940, 240
1650442541946, 240
1650442541950, 240
1650442541950, 240
1650442541953, 240
1650442541955, 240
1650442541960, 240
1650442541964, 240
1650442541966, 240
1650442541968, 240
1650442541978, 240
1650442541980, 240
1650442541984, 240
1650442541986, 240
1650442541991, 240
1650442541991, 240
1650442541992, 240
1650442542000, 240
1650442542001, 240
1650442542004, 240
1650442542010, 248
1650442542018, 248
1650442542024, 248
1650442542026, 256
1650442542027, 256
1650442542035, 256
1650442542041, 256
1650442542045, 256
1650442542048, 256
1650442542052, 256
1650442542060, 256
1650442542061, 256
1650442542068, 256
1650442542069, 256
1650442542074, 256
1650442542076, 256
1650442542079, 256
1650442542082, 256
1650442542084, 256
1650442542086, 256
1650442542096, 256
1650442542099, 256
1650442542100, 256
1650442542103, 256
1650442542104, 256
1650442542113, 256
1650442542115, 256
1650442542118, 256
1650442542124, 256
1650442542126, 256
1650442542131, 256
1650442542136, 256
1650442542140, 256
1650442542141, 256
1650442542146, 256
1650442542152, 256
1650442542160, 256
1650442542160, 256
1650442542166, 256
1650442542167, 256
1650442542173, 256
1650442542175, 256
1650442542182, 256
1650442542184, 256
1650442542186, 256
1650442542192, 256
1650442542196, 256
1650442542198, 256
1650442542200, 256
1650442542207, 256
1650442542212, 256
1650442542213, 256
1650442542216, 256
1650442542220, 256
1650442542221, 256
1650442542230, 256
1650442542232, 256
1650442542234, 256
1650442542238, 256
1650442542242, 256
1650442542244, 256
1650442542248, 256
1650442542251, 256
1650442542253, 256
1650442542258, 256
1650442542259, 256
1650442542268, 256
1650442542275, 256
1650442542279, 256
1650442542283, 256
1650442542288, 256
1650442542290, 256
1650442542290, 256
1650442542294, 256
1650442542298, 256
1650442542300, 256
1650442542306, 256
1650442542309, 256
1650442542309, 256
1650442542311, 256
1650442542311, 280
1650442542312, 280
1650442542312, 280
1650442542313, 296
1650442542315, 296
1650442542316, 336
1650442542318, 336
1650442542319, 336
1650442542320, 344
1650442542321, 360
1650442542322, 360
1650442542324, 392
1650442542325, 392
1650442542325, 392
1650442542326, 416
1650442542327, 416
1650442542327, 456
1650442542328, 520
1650442542329, 536
1650442542331, 568
1650442542333, 568
1650442542338, 584
1650442542338, 584
1650442542339, 600
1650442542340, 648
1650442542341, 672
1650442542341, 792
1650442542341, 856
1650442542342, 880
1650442542343, 880
1650442542343, 880
1650442542345, 880
1650442542345, 880
1650442542346, 880
1650442542346, 880
1650442542347, 880
1650442542349, 880
1650442542349, 880
1650442542350, 880
1650442542350, 880
1650442542351, 880
1650442542351, 880
1650442542351, 880
1650442542352, 880
1650442542353, 880
1650442542353, 880
1650442542353, 904
1650442542354, 1104
1650442542354, 1104
1650442542355, 1104
1650442542357, 1104
1650442542357, 1104
1650442542358, 1104
1650442542358, 1200
1650442542359, 1328
1650442542359, 1600
1650442542360, 1600
1650442542360, 1752
1650442542361, 1752
1650442542361, 1936
1650442542362, 1936
1650442542362, 1936
1650442542363, 2752
1650442542363, 2752
1650442542364, 2752
1650442542364, 2760
1650442542365, 2760
1650442542366, 3672
1650442542367, 3672
1650442542368, 3672
1650442542369, 3672
1650442542369, 3672
1650442542370, 3672
1650442542371, 3672
1650442542372, 3672
1650442542374, 3672
1650442542374, 3672
1650442542375, 3672
1650442542375, 3672
1650442542377, 5520
1650442542378, 5520
1650442542381, 6128
1650442542389, 6128
1650442542390, 6128
1650442542396, 9592
1650442542408, 9592
1650442542409, 9592
1650442542415, 9592
1650442542422, 9592
1650442542434, 9592
1650442542437, 9592
1650442542451, 9592
1650442542456, 9592
1650442542462, 9592
1650442542473, 9592
1650442542487, 9592
1650442542497, 9592
1650442542498, 9592
1650442542507, 9592
1650442542519, 9592
1650442542531, 9592
1650442542538, 9592
1650442542543, 9592
1650442542555, 9592
1650442542559, 9592
1650442542571, 9592
1650442542579, 9592
1650442542583, 9592
1650442542595, 9592
1650442542607, 9592
1650442542619, 3840
1650442542620, 3840
1650442542631, 3840
1650442542643, 3840
1650442542655, 3840
1650442542661, 3840
1650442542666, 3840
1650442542678, 3840
1650442542691, 3840
1650442542702, 3840
1650442542703, 3840
1650442542714, 3840
1650442542725, 3840
1650442542737, 3840
1650442542743, 3840
1650442542749, 3840
1650442542757, 3840
1650442542764, 3840
1650442542776, 2944
1650442542783, 2944
1650442542788, 3264
1650442542801, 3264
1650442542802, 3264
1650442542814, 3264
1650442542825, 3264
1650442542826, 3264
1650442542838, 103576
1650442542845, 103576
1650442542854, 103576
1650442542862, 103576
1650442542865, 103576
1650442542872, 103576
1650442542884, 103576
1650442542891, 103576
1650442542896, 103576
1650442542905, 103576
1650442542906, 99216
1650442542906, 99216
1650442542918, 99216
1650442542930, 99216
1650442542931, 99216
1650442542932, 93760
1650442542939, 92672
1650442542946, 92672
1650442542949, 92672
1650442542958, 92672
1650442542961, 92672
1650442542969, 89768
1650442542981, 89768
1650442542988, 89768
1650442542989, 89768
1650442542995, 89768
1650442543000, 89768
1650442543006, 89768
1650442543007, 89768
1650442543019, 90288
1650442543031, 90288
1650442543033, 90288
1650442543034, 90288
1650442543041, 90288
1650442543042, 90288
1650442543050, 90288
1650442543053, 90288
1650442543064, 90288
1650442543066, 90288
1650442543075, 90288
1650442543082, 90288
1650442543087, 90288
1650442543096, 90288
1650442543097, 90288
1650442543104, 90288
1650442543109, 90288
1650442543116, 90288
1650442543117, 90288
1650442543122, 90288
1650442543135, 90288
1650442543145, 90288
1650442543145, 90288
1650442543146, 90288
1650442543153, 84096
1650442543154, 84096
1650442543163, 84096
1650442543163, 84096
1650442543166, 86136
1650442543177, 86136
1650442543180, 86136
1650442543191, 86136
1650442543197, 86136
1650442543202, 86488
1650442543204, 86488
1650442543213, 86488
1650442543214, 86488
1650442543225, 86488
1650442543228, 86488
1650442543236, 86488
1650442543241, 86488
1650442543243, 86488
1650442543245, 86488
1650442543255, 88448
1650442543266, 88448
1650442543266, 88448
1650442543274, 88448
1650442543275, 88448
1650442543284, 88448
1650442543286, 88448
1650442543288, 88448
1650442543300, 88448
1650442543302, 88448
1650442543313, 88448
1650442543322, 88448
1650442543325, 88448
1650442543327, 88448
1650442543328, 88448
1650442543336, 88448
1650442543338, 88448
1650442543350, 88448
1650442543353, 88448
1650442543362, 88448
1650442543367, 88448
1650442543368, 88448
1650442543370, 88448
1650442543372, 88448
1650442543383, 87832
1650442543395, 87832
1650442543404, 87832
1650442543405, 87832
1650442543409, 87832
1650442543415, 87832
1650442543422, 87832
1650442543423, 87832
1650442543431, 87832
1650442543434, 87832
1650442543446, 87832
1650442543450, 87832
1650442543456, 87832
1650442543460, 87832
1650442543462, 87832
1650442543462, 87832
1650442543471, 87832
1650442543474, 87832
1650442543485, 87832
1650442543489, 87832
1650442543490, 87832
1650442543498, 87832
1650442543504, 87832
1650442543505, 87832
1650442543507, 83944
1650442543509, 83944
1650442543521, 83944
1650442543532, 83944
1650442543533, 84224
1650442543543, 84224
1650442543544, 84224
1650442543549, 84224
1650442543556, 84928
1650442543564, 84928
1650442543565, 84928
1650442543573, 84928
1650442543573, 84928
1650442543577, 84928
1650442543589, 84928
1650442543593, 84928
1650442543600, 84928
1650442543605, 84928
1650442543607, 84928
1650442543614, 84928
1650442543617, 84928
1650442543619, 84928
1650442543630, 84928
1650442543636, 84928
1650442543637, 84928
1650442543645, 84928
1650442543652, 84928
1650442543653, 84928
1650442543655, 84928
1650442543657, 84928
1650442543658, 84928
1650442543669, 84984
1650442543681, 84984
1650442543682, 84984
1650442543693, 84984
1650442543698, 84984
1650442543698, 84984
1650442543707, 84984
1650442543718, 84984
1650442543719, 84984
1650442543730, 84984
1650442543735, 84984
1650442543739, 84984
1650442543747, 84984
1650442543753, 84984
1650442543762, 84984
1650442543768, 84984
1650442543771, 84984
1650442543780, 84984
1650442543782, 84984
1650442543785, 84984
1650442543789, 84984
1650442543800, 84984
1650442543809, 84984
1650442543811, 84984
1650442543816, 82720
1650442543822, 82720
1650442543826, 82720
1650442543827, 82720
1650442543827, 82720
1650442543828, 82720
1650442543828, 82720
1650442543836, 82936
1650442543845, 82936
1650442543846, 82936
1650442543855, 82936
1650442543859, 82936
1650442543866, 82936
1650442543867, 82936
1650442543875, 82936
1650442543876, 82936
1650442543885, 82936
1650442543889, 82936
1650442543894, 82936
1650442543901, 82936
1650442543906, 82936
1650442543908, 82936
1650442543917, 82936
1650442543923, 82936
1650442543926, 83024
1650442543936, 83024
1650442543937, 83024
1650442543940, 83024
1650442543945, 83024
1650442543947, 83024
1650442543956, 83024
1650442543965, 83024
1650442543967, 83024
1650442543972, 83024
1650442543979, 83024
1650442543980, 83024
1650442543982, 83024
1650442543983, 83024
1650442543988, 83024
1650442543992, 83024
1650442544000, 83024
1650442544001, 83024
1650442544005, 83024
1650442544011, 83024
1650442544015, 83024
1650442544022, 83024
1650442544024, 83024
1650442544032, 83024
1650442544034, 82280
1650442544041, 82280
1650442544043, 82280
1650442544047, 82280
1650442544052, 82280
1650442544059, 82280
1650442544066, 82280
1650442544067, 82280
1650442544076, 82280
1650442544082, 82280
1650442544082, 82280
1650442544084, 82656
1650442544094, 82656
1650442544096, 82656
1650442544099, 82656
1650442544104, 82656
1650442544107, 82656
1650442544115, 82656
1650442544124, 82656
1650442544125, 82656
1650442544127, 82656
1650442544132, 82656
1650442544139, 82656
1650442544141, 82656
1650442544143, 82656
1650442544145, 82656
1650442544149, 82656
1650442544155, 82656
1650442544163, 82656
1650442544164, 82656
1650442544165, 82656
1650442544167, 82656
1650442544173, 82656
1650442544178, 82656
1650442544189, 81296
1650442544190, 81296
1650442544195, 81296
1650442544198, 81296
1650442544205, 81296
1650442544206, 81296
1650442544206, 81296
1650442544210, 81296
1650442544215, 81296
1650442544223, 81296
1650442544229, 81296
1650442544230, 81296
1650442544239, 81296
1650442544245, 81296
1650442544247, 81296
1650442544248, 81648
1650442544258, 81648
1650442544260, 81648
1650442544262, 81648
1650442544269, 81648
1650442544271, 81648
1650442544280, 82120
1650442544288, 82120
1650442544290, 82120
1650442544291, 82120
1650442544292, 82120
1650442544298, 82120
1650442544309, 82120
1650442544310, 82120
1650442544310, 82120
1650442544312, 82120
1650442544316, 82120
1650442544322, 82120
1650442544330, 82120
1650442544332, 82120
1650442544332, 82120
1650442544333, 82120
1650442544335, 82120
1650442544341, 82120
1650442544347, 84520
1650442544358, 84520
1650442544359, 84520
1650442544363, 84520
1650442544366, 84520
1650442544371, 84520
1650442544373, 84520
1650442544374, 84520
1650442544378, 84520
1650442544383, 84520
1650442544391, 84520
1650442544398, 84520
1650442544399, 84520
1650442544408, 84520
1650442544413, 84520
1650442544414, 84520
1650442544416, 84520
1650442544426, 84520
1650442544428, 84520
1650442544430, 84520
1650442544437, 84520
1650442544439, 84520
1650442544446, 84520
1650442544454, 84520
1650442544456, 81432
1650442544456, 81432
1650442544457, 81432
1650442544458, 81432
1650442544464, 83344
1650442544476, 83344
1650442544477, 83344
1650442544481, 83344
1650442544484, 83344
1650442544489, 83344
1650442544496, 83344
1650442544498, 83344
1650442544500, 83344
1650442544502, 83344
1650442544503, 83344
1650442544510, 83344
1650442544515, 83344
1650442544527, 83344
1650442544530, 83344
1650442544532, 83344
1650442544536, 83344
1650442544537, 83344
1650442544542, 83344
1650442544544, 83344
1650442544545, 83344
1650442544550, 83344
1650442544555, 83344
1650442544563, 82480
1650442544569, 82480
1650442544573, 82480
1650442544578, 82480
1650442544580, 82480
1650442544585, 82480
1650442544586, 82480
1650442544589, 82480
1650442544600, 82480
1650442544601, 82480
1650442544604, 82480
1650442544611, 82480
1650442544613, 80720
1650442544620, 80720
1650442544625, 80720
1650442544632, 80720
1650442544633, 80720
1650442544633, 80720
1650442544634, 80720
1650442544639, 82160
1650442544651, 82160
1650442544652, 82160
1650442544657, 82160
1650442544660, 82160
1650442544661, 82160
1650442544665, 82160
1650442544673, 82160
1650442544675, 82160
1650442544677, 82160
1650442544679, 82160
1650442544680, 82160
1650442544687, 82160
1650442544693, 82160
1650442544702, 82160
1650442544705, 82160
1650442544708, 82160
1650442544710, 82160
1650442544715, 82160
1650442544716, 82160
1650442544723, 82160
1650442544725, 82160
1650442544726, 82160
1650442544733, 81656
1650442544739, 81656
1650442544744, 81656
1650442544749, 81656
1650442544761, 81656
1650442544761, 81656
1650442544768, 81656
1650442544770, 81656
1650442544781, 81656
1650442544781, 81656
1650442544782, 81656
1650442544785, 81656
1650442544794, 81656
1650442544795, 81656
1650442544799, 81624
1650442544809, 81624
1650442544811, 81624
1650442544818, 81624
1650442544825, 81624
1650442544826, 81624
1650442544830, 81624
1650442544831, 81624
1650442544837, 81624
1650442544844, 81624
1650442544846, 81624
1650442544849, 81624
1650442544852, 81624
1650442544853, 81624
1650442544857, 81624
1650442544863, 81624
1650442544866, 81624
1650442544867, 81624
1650442544867, 81624
1650442544870, 81624
1650442544870, 80176
1650442544875, 80176
1650442544879, 80176
1650442544886, 80176
1650442544889, 80176
1650442544892, 80176
1650442544893, 80176
1650442544897, 80176
1650442544898, 80176
1650442544907, 80176
1650442544908, 79480
1650442544909, 79480
1650442544909, 79480
1650442544916, 79480
1650442544923, 79480
1650442544928, 79480
1650442544933, 82056
1650442544945, 82056
1650442544951, 82056
1650442544954, 82056
1650442544955, 82320
1650442544965, 82320
1650442544966, 82320
1650442544970, 82320
1650442544979, 82320
1650442544980, 82320
1650442544984, 82320
1650442544993, 82320
1650442544994, 82320
1650442544997, 82320
1650442545000, 82320
1650442545004, 82320
1650442545011, 82320
1650442545013, 82320
1650442545017, 82320
1650442545018, 82320
1650442545026, 82320
1650442545032, 82320
1650442545033, 82320
1650442545036, 82320
1650442545040, 82320
1650442545041, 82320
1650442545042, 82320
1650442545052, 82320
1650442545053, 78696
1650442545054, 78696
1650442545055, 78696
1650442545057, 78696
1650442545062, 78696
1650442545066, 78904
1650442545073, 78904
1650442545077, 78904
1650442545080, 78904
1650442545081, 78904
1650442545082, 78904
1650442545086, 78904
1650442545087, 79936
1650442545097, 79936
1650442545098, 79936
1650442545099, 79936
1650442545106, 79936
1650442545113, 79936
1650442545118, 79936
1650442545123, 79936
1650442545124, 79936
1650442545135, 79936
1650442545141, 79936
1650442545145, 79936
1650442545145, 80648
1650442545155, 80648
1650442545157, 80648
1650442545161, 80648
1650442545166, 80648
1650442545170, 80648
1650442545172, 80648
1650442545176, 80648
1650442545185, 80648
1650442545187, 80648
1650442545189, 80648
1650442545192, 80648
1650442545196, 80648
1650442545203, 80648
1650442545206, 80648
1650442545208, 80648
1650442545210, 80648
1650442545212, 80648
1650442545220, 80648
1650442545226, 80648
1650442545227, 80648
1650442545230, 80648
1650442545235, 80648
1650442545237, 78760
1650442545238, 80992
1650442545248, 80992
1650442545250, 80992
1650442545252, 80992
1650442545252, 80992
1650442545254, 80992
1650442545259, 80992
1650442545263, 80992
1650442545270, 80992
1650442545275, 80992
1650442545278, 80992
1650442545279, 80992
1650442545280, 80992
1650442545284, 80992
1650442545286, 80992
1650442545291, 80992
1650442545295, 80992
1650442545297, 80992
1650442545298, 80992
1650442545305, 80992
1650442545312, 80992
1650442545317, 80992
1650442545322, 80992
1650442545324, 80272
1650442545333, 80272
1650442545336, 80272
1650442545340, 80272
1650442545344, 80272
1650442545354, 80272
1650442545356, 80272
1650442545361, 80272
1650442545365, 80272
1650442545370, 80272
1650442545372, 80272
1650442545376, 80272
1650442545377, 80272
1650442545385, 80272
1650442545388, 80272
1650442545390, 79944
1650442545393, 79944
1650442545397, 79944
1650442545404, 79944
1650442545407, 79944
1650442545410, 79944
1650442545412, 79944
1650442545414, 79944
1650442545417, 79944
1650442545422, 79944
1650442545428, 79944
1650442545429, 79944
1650442545433, 78320
1650442545437, 78320
1650442545440, 78320
1650442545441, 79232
1650442545450, 79232
1650442545453, 79232
1650442545455, 79232
1650442545457, 79232
1650442545458, 79232
1650442545462, 79232
1650442545466, 79232
1650442545477, 79232
1650442545479, 79232
1650442545481, 79232
1650442545483, 79232
1650442545488, 79232
1650442545490, 79232
1650442545494, 79232
1650442545498, 79232
1650442545500, 79232
1650442545500, 79232
1650442545502, 79232
1650442545508, 79232
1650442545515, 79232
1650442545520, 79232
1650442545525, 79232
1650442545528, 79824
1650442545537, 79824
1650442545540, 79824
1650442545542, 79824
1650442545544, 79824
1650442545548, 79824
1650442545560, 79824
1650442545562, 79824
1650442545566, 79824
1650442545570, 79824
1650442545577, 79824
1650442545582, 79824
1650442545583, 79824
1650442545584, 79824
1650442545585, 79824
1650442545591, 79824
1650442545594, 79824
1650442545596, 79824
1650442545599, 79824
1650442545604, 79824
1650442545612, 79824
1650442545613, 79824
1650442545616, 79824
1650442545618, 78104
1650442545621, 78104
1650442545624, 78104
1650442545626, 78104
1650442545629, 78104
1650442545636, 78104
1650442545637, 78104
1650442545641, 78104
1650442545645, 78104
1650442545648, 78104
1650442545649, 78224
1650442545657, 78224
1650442545659, 78224
1650442545662, 78224
1650442545664, 78224
1650442545665, 78224
1650442545668, 78224
1650442545670, 78224
1650442545673, 79608
1650442545683, 79608
1650442545686, 79608
1650442545688, 79608
1650442545690, 79608
1650442545695, 79608
1650442545698, 79608
1650442545702, 79608
1650442545706, 79608
1650442545707, 79608
1650442545710, 79608
1650442545710, 79608
1650442545717, 79608
1650442545726, 79608
1650442545732, 79608
1650442545739, 79608
1650442545740, 79608
1650442545751, 79608
1650442545751, 79608
1650442545756, 79608
1650442545758, 79608
1650442545760, 79608
1650442545765, 80408
1650442545778, 80408
1650442545779, 80408
1650442545784, 80408
1650442545789, 80408
1650442545793, 80408
1650442545798, 80408
1650442545805, 80408
1650442545806, 80408
1650442545808, 80408
1650442545809, 80408
1650442545816, 80408
1650442545819, 80408
1650442545820, 80408
1650442545823, 80408
1650442545827, 80408
1650442545832, 80408
1650442545834, 80408
1650442545836, 80408
1650442545837, 80408
1650442545840, 80408
1650442545842, 80408
1650442545843, 80408
1650442545845, 77608
1650442545850, 77608
1650442545851, 77608
1650442545854, 77608
1650442545857, 77608
1650442545860, 77608
1650442545861, 77608
1650442545867, 77608
1650442545869, 77608
1650442545871, 77608
1650442545875, 77608
1650442545876, 77608
1650442545877, 77608
1650442545878, 77608
1650442545879, 77608
1650442545885, 76752
1650442545891, 76752
1650442545894, 76752
1650442545896, 76752
1650442545898, 76752
1650442545904, 76752
1650442545907, 76752
1650442545912, 76752
1650442545915, 76752
1650442545917, 76752
1650442545918, 76752
1650442545920, 76752
1650442545927, 76752
1650442545936, 76752
1650442545942, 77208
1650442545949, 77208
1650442545951, 77544
1650442545960, 77544
1650442545961, 77544
1650442545969, 77544
1650442545970, 77544
1650442545970, 77544
1650442545974, 79448
1650442545986, 79448
1650442545987, 79448
1650442545992, 79448
1650442545997, 79448
1650442546000, 79448
1650442546002, 79448
1650442546007, 79448
1650442546014, 79448
1650442546016, 79448
1650442546018, 79448
1650442546019, 79448
1650442546026, 79448
1650442546029, 79448
1650442546032, 79448
1650442546036, 79448
1650442546042, 79448
1650442546044, 79448
1650442546044, 79448
1650442546046, 79448
1650442546048, 79448
1650442546050, 79448
1650442546052, 79448
1650442546057, 75704
1650442546058, 75704
1650442546060, 75704
1650442546061, 75704
1650442546065, 75704
1650442546067, 76192
1650442546070, 76192
1650442546071, 77104
1650442546077, 77104
1650442546079, 77104
1650442546082, 77664
1650442546083, 77664
1650442546086, 77664
1650442546088, 77664
1650442546090, 77664
1650442546091, 77664
1650442546092, 77664
1650442546097, 77664
1650442546103, 77664
1650442546106, 77664
1650442546108, 77664
1650442546110, 77664
1650442546116, 77664
1650442546119, 77664
1650442546125, 77664
1650442546125, 77664
1650442546128, 77664
1650442546130, 77664
1650442546132, 77664
1650442546133, 77664
1650442546140, 77664
1650442546149, 77664
1650442546155, 77664
1650442546162, 77080
1650442546164, 77728
1650442546167, 77728
1650442546173, 77728
1650442546174, 78816
1650442546182, 78816
1650442546183, 78816
1650442546187, 79024
1650442546199, 79024
1650442546200, 79024
1650442546205, 79024
1650442546209, 79024
1650442546210, 79024
1650442546213, 79024
1650442546216, 79024
1650442546221, 79024
1650442546228, 79024
1650442546230, 79024
1650442546232, 79024
1650442546234, 79024
1650442546241, 79024
1650442546244, 79024
1650442546247, 79024
1650442546250, 79024
1650442546252, 79024
1650442546256, 79024
1650442546259, 79024
1650442546266, 79024
1650442546267, 79024
1650442546267, 79024
1650442546268, 77552
1650442546278, 77552
1650442546278, 77552
1650442546279, 77552
1650442546280, 77552
1650442546281, 77552
1650442546283, 77552
1650442546286, 77552
1650442546288, 77552
1650442546292, 77552
1650442546297, 77552
1650442546297, 77552
1650442546301, 77552
1650442546302, 77552
1650442546302, 77552
1650442546305, 77552
1650442546306, 77552
1650442546307, 77552
1650442546308, 77552
1650442546313, 77552
1650442546319, 77552
1650442546323, 77552
1650442546325, 75656
1650442546327, 75656
1650442546333, 75656
1650442546336, 75656
1650442546341, 75656
1650442546343, 75656
1650442546344, 75656
1650442546347, 75656
1650442546349, 75656
1650442546350, 75656
1650442546356, 75656
1650442546369, 75656
1650442546370, 76216
1650442546378, 76216
1650442546378, 76216
1650442546380, 76216
1650442546382, 76592
1650442546389, 76592
1650442546391, 76640
1650442546397, 76640
1650442546399, 76640
1650442546403, 78480
1650442546415, 78480
1650442546417, 78480
1650442546419, 78480
1650442546421, 78480
1650442546429, 78480
1650442546430, 78480
1650442546430, 78480
1650442546432, 78480
1650442546438, 78480
1650442546444, 78480
1650442546447, 78480
1650442546448, 78480
1650442546450, 78480
1650442546457, 78480
1650442546460, 78480
1650442546461, 78480
1650442546463, 78480
1650442546466, 78480
1650442546469, 78480
1650442546474, 78480
1650442546476, 78480
1650442546484, 78480
1650442546485, 78000
1650442546486, 79520
1650442546495, 79520
1650442546497, 79520
1650442546499, 79520
1650442546501, 79520
1650442546504, 79520
1650442546505, 79520
1650442546508, 79520
1650442546510, 79520
1650442546514, 79520
1650442546518, 79520
1650442546520, 79520
1650442546522, 79520
1650442546524, 79520
1650442546529, 79520
1650442546530, 79520
1650442546531, 79520
1650442546539, 79520
1650442546544, 79520
1650442546545, 79520
1650442546545, 79520
1650442546548, 79520
1650442546553, 79520
1650442546554, 76864
1650442546559, 76864
1650442546561, 76864
1650442546564, 76864
1650442546566, 76864
1650442546566, 76864
1650442546573, 76864
1650442546577, 77696
1650442546586, 77696
1650442546586, 77696
1650442546591, 77696
1650442546593, 77696
1650442546595, 77696
1650442546597, 77696
1650442546605, 77696
1650442546607, 77696
1650442546613, 77696
1650442546615, 77696
1650442546619, 78592
1650442546631, 78592
1650442546633, 78592
1650442546633, 78592
1650442546635, 78592
1650442546637, 78592
1650442546644, 78592
1650442546647, 78592
1650442546652, 78592
1650442546660, 78592
1650442546662, 78592
1650442546663, 78592
1650442546664, 78592
1650442546674, 78592
1650442546676, 78592
1650442546679, 78592
1650442546680, 78592
1650442546681, 78592
1650442546681, 78592
1650442546683, 78592
1650442546688, 78592
1650442546691, 78592
1650442546700, 78592
1650442546701, 78840
1650442546714, 78840
1650442546716, 78840
1650442546718, 78840
1650442546722, 78840
1650442546725, 78840
1650442546727, 78840
1650442546727, 78840
1650442546732, 78840
1650442546733, 78840
1650442546741, 78840
1650442546745, 78840
1650442546747, 78840
1650442546749, 78840
1650442546752, 78840
1650442546759, 78840
1650442546760, 78840
1650442546762, 78840
1650442546768, 78840
1650442546777, 78840
1650442546780, 78840
1650442546784, 78840
1650442546799, 78840
1650442546801, 78584
1650442546801, 78584
1650442546802, 78584
1650442546802, 78584
1650442546802, 78584
1650442546804, 78584
1650442546808, 78584
1650442546814, 78584
1650442546816, 78584
1650442546817, 78584
1650442546835, 78584
1650442546835, 78584
1650442546836, 78584
1650442546836, 78584
1650442546837, 76448
1650442546837, 76448
1650442546837, 77344
1650442546849, 77344
1650442546849, 77344
1650442546851, 77344
1650442546852, 77344
1650442546853, 77344
1650442546857, 77344
1650442546858, 77344
1650442546864, 77344
1650442546871, 77344
1650442546875, 77344
1650442546876, 78504
1650442546884, 78504
1650442546885, 78504
1650442546890, 78504
1650442546892, 78504
1650442546894, 78504
1650442546896, 78504
1650442546900, 78504
1650442546901, 78504
1650442546901, 78504
1650442546910, 78504
1650442546913, 78504
1650442546926, 78504
1650442546926, 78504
1650442546929, 78504
1650442546932, 78504
1650442546934, 78504
1650442546936, 78504
1650442546937, 78504
1650442546942, 78504
1650442546944, 78504
1650442546948, 78504
1650442546953, 78504
1650442546959, 78504
1650442546961, 78504
1650442546963, 78504
1650442546969, 78504
1650442546970, 78504
1650442546970, 78504
1650442546976, 78504
1650442546977, 78504
1650442546984, 78504
1650442546987, 78504
1650442546991, 83232
1650442547000, 83232
1650442547003, 83232
1650442547004, 83232
1650442547009, 83232
1650442547012, 83232
1650442547013, 83232
1650442547017, 83232
1650442547019, 83232
1650442547024, 85208
1650442547034, 85208
1650442547035, 85208
1650442547036, 85208
1650442547045, 85208
1650442547051, 85208
1650442547051, 85208
1650442547053, 85208
1650442547054, 85208
1650442547055, 85208
1650442547057, 85208
1650442547061, 85208
1650442547069, 85208
1650442547070, 85208
1650442547080, 85208
1650442547081, 85208
1650442547086, 85208
1650442547088, 85208
1650442547089, 85208
1650442547091, 85208
1650442547099, 85208
1650442547099, 85208
1650442547101, 85208
1650442547104, 78488
1650442547106, 80648
1650442547124, 80648
1650442547126, 80648
1650442547130, 80648
1650442547130, 80648
1650442547131, 80648
1650442547132, 80648
1650442547134, 80648
1650442547136, 80648
1650442547148, 80648
1650442547149, 80648
1650442547149, 80648
1650442547149, 80648
1650442547149, 80648
1650442547150, 80648
1650442547153, 80648
1650442547154, 80648
1650442547161, 80648
1650442547162, 80648
1650442547169, 80648
1650442547170, 80648
1650442547174, 80648
1650442547184, 78056
1650442547187, 78280
1650442547188, 78280
1650442547193, 78280
1650442547196, 78280
1650442547198, 78280
1650442547201, 78280
1650442547205, 78280
1650442547210, 79792
1650442547220, 79792
1650442547221, 79792
1650442547230, 79792
1650442547231, 79792
1650442547235, 79792
1650442547237, 79792
1650442547238, 79792
1650442547240, 79792
1650442547242, 79792
1650442547246, 79792
1650442547255, 79792
1650442547257, 79792
1650442547266, 79792
1650442547268, 79792
1650442547271, 79792
1650442547273, 79792
1650442547274, 79792
1650442547276, 80368
1650442547283, 80368
1650442547285, 80368
1650442547289, 80368
1650442547291, 82480
1650442547303, 82480
1650442547306, 82480
1650442547308, 82480
1650442547309, 82480
1650442547311, 82480
1650442547312, 82480
1650442547313, 82480
1650442547315, 87000
1650442547327, 87000
1650442547328, 87000
1650442547329, 87000
1650442547333, 87000
1650442547334, 87000
1650442547341, 87000
1650442547343, 87000
1650442547350, 87000
1650442547352, 87000
1650442547354, 87000
1650442547356, 87000
1650442547365, 87000
1650442547368, 87000
1650442547369, 87000
1650442547374, 87000
1650442547377, 87000
1650442547380, 87000
1650442547383, 87000
1650442547386, 87000
1650442547392, 87000
1650442547395, 87000
1650442547401, 87000
1650442547402, 79456
1650442547411, 79456
1650442547413, 79456
1650442547417, 79456
1650442547419, 79456
1650442547421, 79456
1650442547424, 79456
1650442547425, 79456
1650442547429, 79456
1650442547437, 79456
1650442547439, 79456
1650442547441, 79456
1650442547450, 79456
1650442547453, 79456
1650442547456, 79456
1650442547458, 79456
1650442547460, 79456
1650442547467, 79456
1650442547473, 79456
1650442547474, 79456
1650442547476, 79872
1650442547478, 79872
1650442547488, 79872
1650442547491, 79872
1650442547494, 79872
1650442547495, 79872
1650442547500, 79872
1650442547502, 79872
1650442547502, 79872
1650442547503, 80120
1650442547514, 80120
1650442547516, 80120
1650442547518, 80120
1650442547520, 80120
1650442547522, 80120
1650442547523, 80120
1650442547530, 80120
1650442547532, 80120
1650442547539, 80120
1650442547541, 80120
1650442547544, 80120
1650442547545, 80120
1650442547555, 80120
1650442547559, 80120
1650442547560, 80120
1650442547561, 80120
1650442547565, 80120
1650442547568, 80120
1650442547570, 80120
1650442547573, 80120
1650442547577, 80120
1650442547584, 80120
1650442547587, 78400
1650442547593, 78400
1650442547594, 78520
1650442547603, 78520
1650442547604, 78520
1650442547605, 78520
1650442547609, 78520
1650442547611, 78520
1650442547613, 78520
1650442547616, 78520
1650442547618, 78520
1650442547622, 79336
1650442547633, 79336
1650442547635, 79336
1650442547638, 79424
1650442547644, 79424
1650442547649, 79424
1650442547657, 79424
1650442547658, 79424
1650442547659, 79424
1650442547661, 79424
1650442547670, 79424
1650442547678, 79424
1650442547679, 79424
1650442547682, 79424
1650442547685, 79424
1650442547686, 79424
1650442547697, 79424
1650442547701, 79424
1650442547703, 79424
1650442547705, 79424
1650442547713, 79424
1650442547714, 79424
1650442547714, 79424
1650442547724, 79424
1650442547726, 79424
1650442547728, 79424
1650442547728, 79424
1650442547730, 79184
1650442547730, 79184
1650442547730, 79184
1650442547736, 79184
1650442547737, 79184
1650442547744, 79184
1650442547746, 79184
1650442547746, 79184
1650442547748, 79184
1650442547756, 79184
1650442547760, 77128
1650442547762, 77128
1650442547762, 77128
1650442547764, 77128
1650442547767, 77128
1650442547769, 77128
1650442547770, 77128
1650442547771, 77128
1650442547774, 77128
1650442547779, 77128
1650442547781, 77128
1650442547785, 77128
1650442547786, 77312
1650442547793, 77312
1650442547794, 77312
1650442547796, 77312
1650442547800, 77312
1650442547801, 77312
1650442547803, 77312
1650442547807, 77312
1650442547810, 77312
1650442547811, 77312
1650442547813, 77848
1650442547824, 77848
1650442547828, 77848
1650442547833, 77848
1650442547837, 77848
1650442547842, 77872
1650442547847, 77872
1650442547850, 77872
1650442547853, 77872
1650442547854, 77872
1650442547861, 77872
1650442547869, 77872
1650442547873, 77872
1650442547874, 77872
1650442547875, 77872
1650442547876, 77872
1650442547887, 77872
1650442547892, 77872
1650442547893, 77872
1650442547894, 77872
1650442547896, 77880
1650442547903, 77880
1650442547909, 77880
1650442547915, 77880
1650442547922, 77880
1650442547922, 77880
1650442547923, 77880
1650442547927, 77880
1650442547928, 77880
1650442547935, 77880
1650442547936, 77880
1650442547937, 77880
1650442547939, 77880
1650442547946, 77880
1650442547950, 77880
1650442547953, 77880
1650442547955, 77880
1650442547957, 77880
1650442547960, 77880
1650442547961, 77880
1650442547962, 77880
1650442547964, 77880
1650442547969, 76520
1650442547971, 76520
1650442547975, 76520
1650442547976, 77912
1650442547977, 77912
1650442547983, 77912
1650442547985, 77912
1650442547989, 77912
1650442547991, 77912
1650442547992, 77912
1650442547996, 77912
1650442547998, 77912
1650442547999, 77912
1650442548000, 77912
1650442548001, 78576
1650442548010, 78576
1650442548015, 78576
1650442548019, 78576
1650442548024, 78576
1650442548029, 78576
1650442548034, 78576
1650442548037, 78576
1650442548040, 78576
1650442548041, 78576
1650442548045, 78576
1650442548047, 78576
1650442548055, 78576
1650442548059, 78576
1650442548061, 78576
1650442548062, 78576
1650442548063, 78576
1650442548074, 78576
1650442548079, 78576
1650442548080, 78576
1650442548082, 78576
1650442548082, 78576
1650442548084, 78576
1650442548090, 77744
1650442548097, 77744
1650442548102, 79512
1650442548109, 79512
1650442548110, 79512
1650442548115, 79512
1650442548116, 79512
1650442548123, 79512
1650442548124, 79512
1650442548125, 79512
1650442548126, 79512
1650442548128, 79512
1650442548134, 79512
1650442548139, 79512
1650442548145, 79512
1650442548145, 79512
1650442548146, 79512
1650442548149, 79512
1650442548150, 79512
1650442548151, 79512
1650442548154, 79512
1650442548158, 79512
1650442548161, 79512
1650442548165, 79512
1650442548166, 79512
1650442548167, 75976
1650442548168, 75984
1650442548173, 75984
1650442548176, 75984
1650442548180, 75984
1650442548181, 75984
1650442548183, 75984
1650442548186, 75984
1650442548188, 75984
1650442548190, 75984
1650442548191, 76456
1650442548200, 76456
1650442548205, 76456
1650442548207, 76456
1650442548209, 76456
1650442548213, 76456
1650442548217, 76456
1650442548223, 76456
1650442548226, 76456
1650442548229, 76456
1650442548230, 76456
1650442548235, 76456
1650442548236, 76456
1650442548244, 76456
1650442548249, 76456
1650442548250, 76456
1650442548251, 76456
1650442548252, 76456
1650442548253, 76680
1650442548263, 76680
