1650442532888, 80
1650442532898, 80
1650442532913, 240
1650442532925, 288
1650442532938, 288
1650442532949, 320
1650442532962, 544
1650442532979, 544
1650442532988, 624
1650442532991, 736
1650442533000, 736
1650442533002, 1016
1650442533028, 1392
1650442533035, 1512
1650442533041, 1512
1650442533042, 1512
1650442533048, 1880
1650442533060, 1880
1650442533078, 2904
1650442533081, 2904
1650442533093, 2904
1650442533103, 2992
1650442533112, 2992
1650442533114, 3024
1650442533122, 3024
1650442533124, 4048
1650442533145, 4608
1650442533152, 4704
1650442533163, 4704
1650442533168, 5384
1650442533177, 6264
1650442533185, 6336
1650442533189, 6336
1650442533192, 6472
1650442533195, 6472
1650442533201, 6472
1650442533203, 6472
1650442533204, 6472
1650442533210, 6472
1650442533216, 6472
1650442533217, 6472
1650442533226, 6472
1650442533232, 6472
1650442533235, 6472
1650442533238, 6648
1650442533242, 7032
1650442533243, 7032
1650442533244, 7032
1650442533247, 7032
1650442533248, 7776
1650442533255, 8296
1650442533257, 8296
1650442533260, 8296
1650442533265, 8296
1650442533268, 8296
1650442533270, 8296
1650442533277, 8296
1650442533278, 8296
1650442533278, 8296
1650442533279, 8296
1650442533282, 10096
1650442533284, 10096
1650442533285, 10096
1650442533288, 10096
1650442533291, 10096
1650442533294, 10096
1650442533297, 10096
1650442533301, 11480
1650442533304, 11480
1650442533304, 11480
1650442533307, 11480
1650442533309, 11480
1650442533312, 11480
1650442533314, 11480
1650442533316, 11480
1650442533318, 11480
1650442533321, 11480
1650442533325, 11480
1650442533326, 11480
1650442533327, 11480
1650442533330, 11056
1650442533332, 11056
1650442533335, 12184
1650442533338, 12184
1650442533340, 12184
1650442533342, 12184
1650442533344, 12184
1650442533346, 11632
1650442533349, 11632
1650442533350, 11632
1650442533352, 11632
1650442533354, 11632
1650442533355, 11632
1650442533359, 11632
1650442533362, 11632
1650442533364, 11632
1650442533366, 11632
1650442533367, 11632
1650442533368, 11632
1650442533370, 11632
1650442533377, 11632
1650442533378, 11632
1650442533379, 11632
1650442533380, 11632
1650442533381, 10720
1650442533384, 10720
1650442533386, 10720
1650442533388, 10720
1650442533397, 10720
1650442533398, 10720
1650442533399, 12632
1650442533400, 12632
1650442533402, 12632
1650442533402, 12632
1650442533403, 12632
1650442533404, 12632
1650442533406, 12632
1650442533408, 12632
1650442533408, 12632
1650442533409, 15744
1650442533416, 15744
1650442533417, 15744
1650442533418, 15744
1650442533419, 15744
1650442533424, 15744
1650442533425, 15744
1650442533426, 15744
1650442533427, 15744
1650442533428, 15744
1650442533428, 15744
1650442533438, 15744
1650442533441, 15744
1650442533443, 15744
1650442533444, 15744
1650442533449, 15744
1650442533450, 15744
1650442533452, 15744
1650442533454, 15744
1650442533455, 15744
1650442533458, 15744
1650442533473, 15744
1650442533474, 15176
1650442533478, 15176
1650442533479, 15176
1650442533485, 15176
1650442533486, 15176
1650442533489, 15176
1650442533490, 15176
1650442533493, 15176
1650442533494, 15176
1650442533497, 15176
1650442533510, 15176
1650442533512, 15176
1650442533519, 15176
1650442533520, 15176
1650442533529, 15176
1650442533531, 15176
1650442533531, 15176
1650442533535, 15176
1650442533540, 15176
1650442533541, 15176
1650442533546, 15176
1650442533560, 14120
1650442533563, 14120
1650442533572, 14120
1650442533574, 14120
1650442533575, 14120
1650442533588, 14120
1650442533589, 14120
1650442533595, 14120
1650442533603, 14120
1650442533604, 14120
1650442533612, 14120
1650442533613, 14120
1650442533625, 13104
1650442533630, 13104
1650442533641, 13104
1650442533645, 13104
1650442533646, 13104
1650442533653, 13104
1650442533659, 13104
1650442533662, 13104
1650442533672, 13104
1650442533679, 13104
1650442533681, 13104
1650442533691, 12336
1650442533693, 12336
1650442533694, 12336
1650442533704, 12336
1650442533710, 12336
1650442533723, 12336
1650442533728, 12336
1650442533731, 12336
1650442533734, 12336
1650442533738, 12336
1650442533747, 12336
1650442533750, 12336
1650442533761, 12336
1650442533771, 12336
1650442533774, 12336
1650442533775, 12336
1650442533786, 12336
1650442533789, 12336
1650442533791, 11776
1650442533801, 11776
1650442533810, 11776
1650442533816, 11776
1650442533822, 11776
1650442533828, 11776
1650442533832, 11776
1650442533835, 11776
1650442533840, 11776
1650442533849, 11776
1650442533853, 11776
1650442533857, 11776
1650442533867, 11776
1650442533879, 11776
1650442533884, 11776
1650442533886, 11776
1650442533894, 11776
1650442533898, 11776
1650442533898, 11776
1650442533899, 11776
1650442533912, 11776
1650442533921, 11232
1650442533927, 11232
1650442533934, 11232
1650442533939, 11232
1650442533942, 11232
1650442533946, 11232
1650442533950, 11232
1650442533955, 11232
1650442533965, 11232
1650442533971, 11232
1650442533976, 11232
1650442533981, 11232
1650442533989, 11232
1650442534000, 11232
1650442534000, 11232
1650442534007, 11232
1650442534009, 10800
1650442534019, 10800
1650442534023, 10800
1650442534025, 10800
1650442534038, 10800
1650442534041, 10800
1650442534047, 10800
1650442534054, 10800
1650442534061, 10800
1650442534067, 10800
1650442534071, 10800
1650442534077, 10800
1650442534082, 10800
1650442534083, 10800
1650442534086, 10800
1650442534095, 10800
1650442534101, 10408
1650442534107, 10408
1650442534112, 10408
1650442534122, 10408
1650442534123, 10408
1650442534136, 10408
1650442534142, 10408
1650442534144, 10584
1650442534153, 10584
1650442534157, 10584
1650442534161, 10584
1650442534164, 10584
1650442534174, 10584
1650442534177, 10584
1650442534184, 10584
1650442534191, 10584
1650442534199, 10584
1650442534203, 10584
1650442534205, 10584
1650442534208, 10584
1650442534214, 10584
1650442534220, 10584
1650442534221, 10584
1650442534226, 10584
1650442534234, 10584
1650442534241, 10584
1650442534247, 10584
1650442534248, 10584
1650442534253, 10584
1650442534266, 10584
1650442534267, 10584
1650442534276, 10400
1650442534281, 10400
1650442534283, 10400
1650442534289, 10400
1650442534293, 10400
1650442534297, 10400
1650442534301, 10400
1650442534304, 10400
1650442534315, 10400
1650442534319, 10400
1650442534326, 10400
1650442534331, 10400
1650442534334, 10400
1650442534340, 10400
1650442534345, 10400
1650442534348, 10400
1650442534355, 10400
1650442534357, 10400
1650442534363, 10400
1650442534364, 10400
1650442534369, 10400
1650442534373, 10400
1650442534378, 10400
1650442534385, 10400
1650442534392, 10400
1650442534393, 10400
1650442534401, 10400
1650442534410, 10400
1650442534412, 10400
1650442534414, 10400
1650442534422, 10400
1650442534428, 10304
1650442534429, 10304
1650442534437, 10304
1650442534439, 10304
1650442534445, 10304
1650442534452, 10304
1650442534454, 10304
1650442534455, 10304
1650442534462, 10304
1650442534466, 10304
1650442534474, 10304
1650442534478, 10304
1650442534481, 10304
1650442534488, 10304
1650442534494, 10304
1650442534497, 10304
1650442534501, 10304
1650442534503, 10304
1650442534504, 10304
1650442534509, 10032
1650442534511, 10032
1650442534516, 10032
1650442534520, 10032
1650442534525, 10032
1650442534532, 10168
1650442534540, 10168
1650442534541, 10168
1650442534549, 10168
1650442534557, 10168
1650442534560, 10168
1650442534562, 10168
1650442534570, 10168
1650442534576, 10168
1650442534578, 10168
1650442534581, 10168
1650442534586, 10168
1650442534588, 10168
1650442534595, 10168
1650442534602, 10168
1650442534604, 10168
1650442534605, 10168
1650442534613, 10168
1650442534618, 10168
1650442534623, 10168
1650442534628, 10168
1650442534630, 10168
1650442534633, 10168
1650442534639, 10168
1650442534645, 10064
1650442534648, 10064
1650442534651, 10064
1650442534652, 10064
1650442534654, 10064
1650442534660, 10064
1650442534661, 10064
1650442534664, 10064
1650442534667, 10064
1650442534670, 10064
1650442534675, 10064
1650442534682, 10112
1650442534690, 10112
1650442534693, 10112
1650442534700, 10112
1650442534706, 10112
1650442534707, 10112
1650442534710, 10112
1650442534713, 10112
1650442534721, 10112
1650442534727, 10112
1650442534729, 10112
1650442534731, 10112
1650442534738, 10112
1650442534740, 10112
1650442534747, 10112
1650442534749, 10112
1650442534756, 10112
1650442534757, 10112
1650442534758, 10112
1650442534768, 10112
1650442534770, 10112
1650442534774, 10112
1650442534781, 10112
1650442534784, 9824
1650442534789, 9824
1650442534790, 9824
1650442534793, 9824
1650442534798, 9824
1650442534800, 9824
1650442534803, 9824
1650442534805, 9864
1650442534810, 9864
1650442534812, 9864
1650442534816, 9864
1650442534818, 9864
1650442534820, 9864
1650442534825, 9864
1650442534832, 9864
1650442534834, 9864
1650442534840, 9864
1650442534843, 9864
1650442534849, 9864
1650442534855, 9864
1650442534857, 9864
1650442534861, 9864
1650442534863, 9864
1650442534870, 9864
1650442534874, 9864
1650442534877, 9864
1650442534879, 9864
1650442534882, 9864
1650442534890, 9864
1650442534896, 9864
1650442534897, 9712
1650442534898, 9768
1650442534906, 9768
1650442534906, 9768
1650442534909, 9832
1650442534917, 9832
1650442534918, 9832
1650442534920, 9832
1650442534925, 9832
1650442534934, 9832
1650442534940, 9832
1650442534944, 9832
1650442534946, 9832
1650442534949, 9832
1650442534954, 9832
1650442534958, 9832
1650442534965, 9832
1650442534965, 9832
1650442534966, 9832
1650442534967, 9832
1650442534971, 9832
1650442534973, 9832
1650442534974, 9832
1650442534980, 9832
1650442534981, 9832
1650442534989, 9832
1650442534990, 9832
1650442534994, 9680
1650442534996, 9680
1650442535000, 9680
1650442535001, 9768
1650442535009, 9768
1650442535011, 9768
1650442535015, 9768
1650442535018, 9768
1650442535024, 9768
1650442535027, 9768
1650442535030, 9768
1650442535033, 9768
1650442535041, 9768
1650442535046, 9768
1650442535047, 9768
1650442535050, 9768
1650442535051, 9768
1650442535053, 9768
1650442535060, 9768
1650442535063, 9768
1650442535071, 9768
1650442535072, 9768
1650442535075, 9768
1650442535081, 9768
1650442535082, 9768
1650442535091, 9768
1650442535098, 9728
1650442535102, 9728
1650442535105, 9728
1650442535108, 9728
1650442535111, 9952
1650442535115, 10320
1650442535121, 10320
1650442535123, 10320
1650442535123, 10320
1650442535124, 10320
1650442535128, 10320
1650442535130, 10320
1650442535132, 10320
1650442535138, 10320
1650442535140, 10320
1650442535147, 10320
1650442535149, 10320
1650442535153, 10320
1650442535155, 10320
1650442535160, 10320
1650442535163, 10320
1650442535165, 10320
1650442535169, 10320
1650442535172, 10320
1650442535176, 10320
1650442535180, 10320
1650442535184, 10320
1650442535187, 10320
1650442535193, 9528
1650442535197, 9952
1650442535202, 9952
1650442535206, 9952
1650442535208, 9952
1650442535208, 9952
1650442535212, 9952
1650442535213, 9952
1650442535216, 9952
1650442535222, 9952
1650442535225, 9952
1650442535234, 9952
1650442535235, 9952
1650442535238, 9952
1650442535247, 9952
1650442535248, 9952
1650442535248, 9952
1650442535254, 9952
1650442535260, 9952
1650442535266, 9952
1650442535270, 9952
1650442535273, 9952
1650442535278, 9952
1650442535281, 9952
1650442535287, 9528
1650442535288, 9528
1650442535289, 9528
1650442535290, 9528
1650442535294, 9528
1650442535297, 9528
1650442535299, 9656
1650442535305, 9656
1650442535307, 9680
1650442535315, 9680
1650442535317, 9680
1650442535321, 9680
1650442535324, 9680
1650442535330, 9680
1650442535331, 9680
1650442535333, 9680
1650442535337, 9680
1650442535340, 9680
1650442535343, 9680
1650442535348, 9680
1650442535349, 9680
1650442535357, 9680
1650442535359, 9680
1650442535364, 9680
1650442535366, 9680
1650442535372, 9680
1650442535372, 9680
1650442535375, 9680
1650442535378, 9680
1650442535381, 9680
1650442535386, 9680
1650442535386, 9464
1650442535390, 9464
1650442535395, 9608
1650442535402, 9608
1650442535404, 9608
1650442535407, 9744
1650442535414, 9744
1650442535417, 9744
1650442535418, 9744
1650442535425, 9744
1650442535433, 9744
1650442535440, 9744
1650442535443, 9744
1650442535446, 9744
1650442535450, 9744
1650442535454, 9744
1650442535456, 9744
1650442535459, 9744
1650442535460, 9744
1650442535462, 9744
1650442535463, 9744
1650442535473, 9744
1650442535474, 9744
1650442535475, 9744
1650442535478, 9744
1650442535480, 9744
1650442535488, 9744
1650442535493, 9744
1650442535494, 9488
1650442535497, 9488
1650442535499, 9488
1650442535504, 9488
1650442535506, 9488
1650442535508, 9488
1650442535517, 9488
1650442535523, 9488
1650442535524, 9488
1650442535525, 9488
1650442535526, 9488
1650442535533, 9488
1650442535533, 9488
1650442535538, 9488
1650442535541, 9488
1650442535545, 9488
1650442535548, 9488
1650442535549, 9488
1650442535552, 9488
1650442535555, 9560
1650442535558, 9560
1650442535564, 9560
1650442535568, 9672
1650442535576, 9672
1650442535579, 9672
1650442535582, 9672
1650442535583, 9672
1650442535592, 9672
1650442535594, 9672
1650442535596, 9672
1650442535601, 9672
1650442535609, 9672
1650442535615, 9672
1650442535618, 9672
1650442535621, 9672
1650442535625, 9672
1650442535627, 9672
1650442535630, 9672
1650442535632, 9672
1650442535636, 9672
1650442535638, 9672
1650442535641, 9672
1650442535641, 9968
1650442535650, 9968
1650442535652, 9968
1650442535653, 9968
1650442535656, 9968
1650442535659, 9968
1650442535667, 9968
1650442535677, 9968
1650442535678, 9968
1650442535678, 9968
1650442535678, 9968
1650442535679, 9968
1650442535682, 9968
1650442535684, 9968
1650442535688, 9968
1650442535697, 9968
1650442535705, 9968
1650442535706, 9968
1650442535707, 9968
1650442535712, 9968
1650442535716, 9968
1650442535717, 9968
1650442535720, 9968
1650442535722, 9944
1650442535726, 9944
1650442535729, 9944
1650442535731, 9944
1650442535732, 9944
1650442535737, 9944
1650442535742, 9944
1650442535747, 9944
1650442535755, 9944
1650442535757, 9944
1650442535758, 9944
1650442535760, 9944
1650442535768, 9944
1650442535770, 9944
1650442535772, 9464
1650442535778, 9464
1650442535784, 9464
1650442535790, 9464
1650442535794, 9464
1650442535796, 9464
1650442535800, 9464
1650442535802, 9464
1650442535803, 9464
1650442535806, 9464
1650442535807, 9464
1650442535814, 9464
1650442535816, 9464
1650442535819, 9464
1650442535826, 9464
1650442535830, 9464
1650442535831, 9464
1650442535832, 9464
1650442535836, 9592
1650442535845, 9592
1650442535847, 9600
1650442535849, 9600
1650442535850, 9600
1650442535851, 9600
1650442535855, 9600
1650442535858, 9600
1650442535861, 9600
1650442535871, 9800
1650442535878, 9800
1650442535880, 9800
1650442535881, 9800
1650442535886, 9800
1650442535887, 9800
1650442535891, 9800
1650442535892, 9800
1650442535896, 9800
1650442535898, 9800
1650442535902, 9800
1650442535905, 9800
1650442535908, 9800
1650442535909, 9800
1650442535914, 9800
1650442535921, 9800
1650442535926, 9800
1650442535928, 9800
1650442535932, 9800
1650442535934, 9800
1650442535936, 9800
1650442535944, 9800
1650442535946, 9800
1650442535949, 9512
1650442535954, 9512
1650442535959, 9512
1650442535965, 9512
1650442535968, 9512
1650442535970, 9512
1650442535971, 9512
1650442535976, 9512
1650442535977, 9512
1650442535978, 9512
1650442535981, 9512
1650442535983, 9512
1650442535988, 9512
1650442535990, 9512
1650442535993, 9512
1650442536001, 9512
1650442536001, 9512
1650442536003, 9512
1650442536004, 9512
1650442536009, 9512
1650442536016, 9512
1650442536019, 9512
1650442536022, 9512
1650442536023, 9512
1650442536024, 9512
1650442536027, 9512
1650442536030, 9512
1650442536035, 9512
1650442536042, 9512
1650442536043, 9512
1650442536049, 9512
1650442536052, 9512
1650442536053, 9512
1650442536058, 9512
1650442536059, 9512
1650442536062, 9512
1650442536065, 9512
1650442536069, 9512
1650442536072, 9512
1650442536077, 9512
1650442536081, 9512
1650442536085, 9512
1650442536086, 9232
1650442536093, 9232
1650442536094, 9232
1650442536097, 9232
1650442536101, 9232
1650442536104, 9232
1650442536108, 9232
1650442536110, 9232
1650442536112, 9368
1650442536120, 9368
1650442536123, 9368
1650442536125, 9368
1650442536126, 9368
1650442536130, 9368
1650442536136, 9368
1650442536141, 9368
1650442536143, 9368
1650442536147, 9368
1650442536148, 9368
1650442536152, 9368
1650442536154, 9368
1650442536155, 9368
1650442536158, 9368
1650442536160, 9368
1650442536166, 9368
1650442536167, 9368
1650442536168, 9368
1650442536171, 9392
1650442536178, 9392
1650442536181, 9392
1650442536182, 9392
1650442536186, 9392
1650442536191, 9392
1650442536194, 9392
1650442536198, 9392
1650442536199, 9392
1650442536203, 9392
1650442536207, 9392
1650442536210, 9392
1650442536211, 9392
1650442536216, 9392
1650442536218, 9392
1650442536223, 9392
1650442536227, 9392
1650442536228, 9408
1650442536234, 9408
1650442536235, 9408
1650442536240, 9408
1650442536242, 9408
1650442536247, 9408
1650442536249, 9408
1650442536251, 9408
1650442536253, 9408
1650442536256, 9408
1650442536259, 9408
1650442536261, 9536
1650442536267, 9536
1650442536268, 9536
1650442536271, 9536
1650442536276, 9536
1650442536278, 9536
1650442536284, 9536
1650442536285, 9536
1650442536288, 9536
1650442536293, 9536
1650442536296, 9536
1650442536298, 9536
1650442536299, 9536
1650442536304, 9536
1650442536309, 9536
1650442536314, 9536
1650442536317, 9536
1650442536320, 9536
1650442536322, 9536
1650442536326, 9536
1650442536328, 9536
1650442536330, 9536
1650442536331, 9192
1650442536334, 9232
1650442536335, 9232
1650442536340, 9232
1650442536341, 9232
1650442536343, 9232
1650442536345, 9232
1650442536351, 9232
1650442536355, 9232
1650442536356, 9232
1650442536360, 9232
1650442536364, 9232
1650442536369, 9232
1650442536372, 9232
1650442536376, 9232
1650442536378, 9232
1650442536379, 9232
1650442536382, 9232
1650442536385, 9232
1650442536386, 9264
1650442536393, 9264
1650442536395, 9264
1650442536401, 9264
1650442536406, 9264
1650442536407, 9264
1650442536412, 9264
1650442536413, 9264
1650442536418, 9264
1650442536420, 9264
1650442536421, 9264
1650442536424, 9264
1650442536426, 9264
1650442536428, 9264
1650442536431, 9264
1650442536433, 9264
1650442536436, 9264
1650442536439, 9296
1650442536444, 9296
1650442536446, 9296
1650442536450, 9296
1650442536456, 9296
1650442536457, 9296
1650442536461, 9296
1650442536464, 9296
1650442536464, 9296
1650442536466, 9296
1650442536471, 9296
1650442536475, 9296
1650442536477, 9296
1650442536479, 9296
1650442536483, 9296
1650442536487, 9296
1650442536491, 9296
1650442536495, 9296
1650442536499, 9296
1650442536500, 9296
1650442536504, 9296
1650442536507, 9296
1650442536508, 9296
1650442536510, 9152
1650442536511, 9152
1650442536514, 9152
1650442536515, 9200
1650442536520, 9200
1650442536522, 9200
1650442536523, 9200
1650442536525, 9200
1650442536530, 9200
1650442536534, 9200
1650442536535, 9200
1650442536538, 9200
1650442536543, 9200
1650442536547, 9200
1650442536550, 9200
1650442536552, 9304
1650442536556, 9304
1650442536558, 9304
1650442536560, 9304
1650442536561, 9304
1650442536567, 9304
1650442536569, 9304
1650442536575, 9304
1650442536580, 9304
1650442536581, 9304
1650442536585, 9304
1650442536586, 9304
1650442536591, 9304
1650442536593, 9304
1650442536595, 9304
1650442536598, 9304
1650442536599, 9304
1650442536600, 9304
1650442536602, 9304
1650442536602, 9304
1650442536604, 9304
1650442536606, 9304
1650442536609, 8936
1650442536613, 8936
1650442536617, 8936
1650442536621, 9032
1650442536626, 9032
1650442536628, 9032
1650442536631, 9032
1650442536633, 9032
1650442536636, 9032
1650442536637, 9032
1650442536642, 9032
1650442536645, 9032
1650442536648, 9032
1650442536649, 9032
1650442536652, 9032
1650442536655, 9032
1650442536660, 9032
1650442536662, 9032
1650442536668, 9032
1650442536669, 9032
1650442536673, 9032
1650442536676, 9032
1650442536677, 9032
1650442536680, 9032
1650442536681, 9032
1650442536682, 9032
1650442536683, 8960
1650442536689, 8960
1650442536692, 8960
1650442536693, 8960
1650442536695, 8960
1650442536701, 8960
1650442536703, 8960
1650442536705, 8960
1650442536708, 8960
1650442536711, 8960
1650442536715, 8960
1650442536718, 8960
1650442536720, 8960
1650442536721, 8960
1650442536724, 8960
1650442536726, 8960
1650442536728, 8960
1650442536731, 8960
1650442536736, 8960
1650442536737, 8960
1650442536743, 8960
1650442536750, 8960
1650442536751, 8920
1650442536754, 8920
1650442536757, 8920
1650442536760, 8920
1650442536762, 8920
1650442536765, 8920
1650442536766, 8920
1650442536769, 8920
1650442536769, 8920
1650442536770, 8920
1650442536772, 8920
1650442536774, 8920
1650442536776, 8920
1650442536780, 8920
1650442536785, 8920
1650442536787, 8920
1650442536793, 8920
1650442536797, 8920
1650442536801, 8920
1650442536801, 8920
1650442536803, 8880
1650442536804, 8880
1650442536806, 8880
1650442536808, 8880
1650442536812, 8880
1650442536816, 8880
1650442536818, 8880
1650442536820, 8880
1650442536822, 8880
1650442536826, 8880
1650442536831, 8880
1650442536833, 8936
1650442536838, 8936
1650442536842, 8936
1650442536846, 8952
1650442536847, 8952
1650442536851, 8952
1650442536852, 8952
1650442536853, 8952
1650442536854, 8952
1650442536858, 8952
1650442536860, 8952
1650442536862, 8952
1650442536864, 8952
1650442536869, 8952
1650442536871, 8952
1650442536872, 8952
1650442536875, 8952
1650442536878, 8952
1650442536882, 8952
1650442536887, 8952
1650442536888, 8952
1650442536889, 8952
1650442536890, 8952
1650442536894, 8952
1650442536895, 8952
1650442536897, 8952
1650442536899, 8784
1650442536903, 8784
1650442536905, 8784
1650442536911, 9040
1650442536917, 9040
1650442536919, 9040
1650442536921, 9040
1650442536924, 9040
1650442536928, 9040
1650442536930, 9040
1650442536932, 9040
1650442536934, 9040
1650442536936, 9040
1650442536941, 9040
1650442536942, 9040
1650442536942, 9040
1650442536942, 9040
1650442536943, 9040
1650442536947, 9040
1650442536952, 9040
1650442536954, 9040
1650442536958, 9040
1650442536963, 9040
1650442536967, 9040
1650442536969, 9040
1650442536970, 8800
1650442536973, 8800
1650442536974, 8800
1650442536976, 8800
1650442536979, 8800
1650442536983, 8800
1650442536984, 8800
1650442536986, 8800
1650442536993, 8800
1650442536993, 8800
1650442536998, 8800
1650442536999, 8800
1650442537000, 8800
1650442537005, 8800
1650442537013, 8800
1650442537014, 8800
1650442537016, 8800
1650442537017, 8800
1650442537019, 8800
1650442537020, 8800
1650442537024, 8664
1650442537027, 8664
1650442537029, 8664
1650442537031, 8680
1650442537036, 8680
1650442537038, 8680
1650442537040, 8680
1650442537041, 8680
1650442537044, 8680
1650442537046, 8680
1650442537054, 8680
1650442537055, 8680
1650442537056, 8680
1650442537056, 8680
1650442537058, 8784
1650442537062, 8784
1650442537064, 8784
1650442537069, 8784
1650442537070, 8784
1650442537071, 8784
1650442537078, 8784
1650442537080, 8784
1650442537083, 8784
1650442537085, 8784
1650442537087, 8784
1650442537089, 8784
1650442537091, 8784
1650442537096, 8784
1650442537098, 8784
1650442537101, 8784
1650442537102, 8784
1650442537104, 9024
1650442537109, 9024
1650442537111, 9024
1650442537113, 9024
1650442537117, 9024
1650442537122, 9024
1650442537124, 9024
1650442537125, 9024
1650442537128, 9024
1650442537133, 9024
1650442537136, 9024
1650442537138, 9024
1650442537140, 9024
1650442537143, 9024
1650442537144, 9024
1650442537146, 9024
1650442537149, 9024
1650442537157, 9024
1650442537157, 9024
1650442537159, 9024
1650442537163, 9024
1650442537167, 9024
1650442537168, 9024
1650442537169, 8856
1650442537174, 8856
1650442537179, 8856
1650442537181, 8856
1650442537185, 8856
1650442537187, 8856
1650442537188, 8856
1650442537193, 8856
1650442537193, 8856
1650442537196, 8856
1650442537198, 8856
1650442537203, 8856
1650442537204, 8856
1650442537208, 8856
1650442537209, 8856
1650442537209, 8856
1650442537211, 8856
1650442537214, 8872
1650442537220, 8872
1650442537223, 8872
1650442537224, 8872
1650442537229, 8872
1650442537231, 8912
1650442537236, 8912
1650442537238, 8912
1650442537243, 8912
1650442537246, 8912
1650442537249, 8912
1650442537251, 8912
1650442537256, 8912
1650442537257, 8912
1650442537257, 8912
1650442537257, 8912
1650442537261, 8912
1650442537263, 8912
1650442537266, 8912
1650442537268, 8912
1650442537270, 8912
1650442537275, 8912
1650442537277, 8912
1650442537280, 8912
1650442537283, 8912
1650442537288, 8912
1650442537291, 8912
1650442537293, 8704
1650442537295, 8704
1650442537297, 8704
1650442537302, 8704
1650442537304, 8704
1650442537305, 8704
1650442537308, 8704
1650442537310, 8704
1650442537312, 8704
1650442537313, 8704
1650442537316, 9048
1650442537323, 9048
1650442537327, 9048
1650442537331, 9048
1650442537336, 9048
1650442537336, 9048
1650442537337, 9048
1650442537338, 9048
1650442537341, 9048
1650442537346, 9048
1650442537349, 9048
1650442537352, 9048
1650442537354, 9048
1650442537356, 9048
1650442537361, 9048
1650442537364, 9048
1650442537366, 9048
1650442537370, 9048
1650442537374, 9048
1650442537377, 9048
1650442537379, 9048
1650442537380, 9048
1650442537381, 9048
1650442537383, 8792
1650442537388, 8792
1650442537391, 8792
1650442537393, 8792
1650442537401, 8792
1650442537402, 8792
1650442537404, 8792
1650442537406, 8792
1650442537411, 8792
1650442537414, 8792
1650442537417, 8792
1650442537420, 9008
1650442537420, 9008
1650442537424, 9008
1650442537426, 9008
1650442537429, 9008
1650442537431, 9008
1650442537435, 9008
1650442537437, 9008
1650442537438, 9008
1650442537444, 9008
1650442537448, 9008
1650442537451, 9008
1650442537454, 9008
1650442537460, 9008
1650442537461, 9008
1650442537464, 9008
1650442537464, 9008
1650442537466, 9008
1650442537467, 9008
1650442537471, 9008
1650442537473, 9008
1650442537474, 9008
1650442537478, 9008
1650442537480, 8712
1650442537482, 8712
1650442537485, 8712
1650442537487, 8744
1650442537497, 8744
1650442537498, 8744
1650442537506, 8744
1650442537507, 8744
1650442537509, 8744
1650442537510, 8744
1650442537510, 8744
1650442537511, 8744
1650442537517, 8744
1650442537519, 8744
1650442537522, 8744
1650442537525, 8744
1650442537527, 8776
1650442537532, 8776
1650442537535, 8776
1650442537541, 8776
1650442537541, 8776
1650442537545, 8776
1650442537548, 8776
1650442537549, 8776
1650442537551, 8776
1650442537551, 8776
1650442537552, 8776
1650442537554, 8776
1650442537558, 8776
1650442537561, 8776
1650442537563, 8952
1650442537568, 8952
1650442537570, 8952
1650442537572, 8952
1650442537574, 8952
1650442537580, 8952
1650442537582, 8952
1650442537585, 8952
1650442537589, 8952
1650442537591, 8952
1650442537593, 8952
1650442537594, 8952
1650442537598, 8952
1650442537601, 8952
1650442537606, 8952
1650442537608, 8952
1650442537610, 8952
1650442537615, 8952
1650442537617, 8952
1650442537619, 8952
1650442537629, 8952
1650442537630, 8952
1650442537630, 8752
1650442537632, 8752
1650442537633, 8752
1650442537635, 8752
1650442537636, 8752
1650442537639, 8752
1650442537641, 8752
1650442537644, 8752
1650442537647, 8752
1650442537653, 8752
1650442537654, 8752
1650442537656, 8752
1650442537657, 9000
1650442537666, 9000
1650442537668, 9000
1650442537674, 9000
1650442537676, 9000
1650442537677, 9000
1650442537682, 9000
1650442537683, 9000
1650442537683, 9000
1650442537685, 9000
1650442537689, 9000
1650442537697, 9000
1650442537699, 9000
1650442537700, 9000
1650442537701, 9000
1650442537703, 9000
1650442537709, 9000
1650442537713, 9000
1650442537715, 9000
1650442537718, 9000
1650442537719, 9000
1650442537720, 9000
1650442537722, 9000
1650442537724, 8816
1650442537726, 8816
1650442537734, 8816
1650442537734, 8816
1650442537735, 8816
1650442537739, 8816
1650442537742, 8816
1650442537743, 8816
1650442537749, 8816
1650442537750, 8816
1650442537754, 8816
1650442537758, 8816
1650442537761, 8816
1650442537761, 8816
1650442537764, 8816
1650442537766, 8696
1650442537768, 8696
1650442537770, 8696
1650442537774, 8696
1650442537775, 8696
1650442537778, 8696
1650442537782, 8696
1650442537787, 8696
1650442537788, 9112
1650442537796, 9112
1650442537798, 9112
1650442537800, 9112
1650442537801, 9112
1650442537803, 9112
1650442537804, 9112
1650442537806, 9112
1650442537807, 9112
1650442537809, 9112
1650442537811, 9112
1650442537815, 9112
1650442537820, 9112
1650442537822, 9112
1650442537824, 9112
1650442537826, 9112
1650442537835, 9112
1650442537836, 9112
1650442537841, 9112
1650442537842, 9112
1650442537846, 9112
1650442537848, 9112
1650442537849, 9112
1650442537850, 9064
1650442537854, 9376
1650442537862, 9376
1650442537865, 9376
1650442537866, 9376
1650442537868, 9376
1650442537873, 9376
1650442537881, 9376
1650442537882, 9376
1650442537882, 9376
1650442537884, 9376
1650442537886, 9376
1650442537888, 9376
1650442537890, 9376
1650442537892, 9376
1650442537899, 9376
1650442537902, 9376
1650442537909, 9376
1650442537910, 9376
1650442537912, 9376
1650442537914, 9376
1650442537917, 9376
1650442537919, 9376
1650442537921, 9232
1650442537924, 9232
1650442537926, 9232
1650442537929, 9232
1650442537930, 9232
1650442537930, 9232
1650442537932, 9232
1650442537936, 9232
1650442537938, 9232
1650442537942, 9232
1650442537944, 9232
1650442537950, 9232
1650442537950, 9232
1650442537958, 8832
1650442537960, 8832
1650442537962, 8832
1650442537964, 8832
1650442537965, 8832
1650442537966, 8832
1650442537969, 8832
1650442537971, 8832
1650442537972, 8832
1650442537973, 8832
1650442537974, 8832
1650442537977, 8832
1650442537982, 8832
1650442537985, 8832
1650442537988, 8832
1650442537989, 9008
1650442537997, 9008
1650442537998, 9008
1650442538000, 9008
1650442538004, 9008
1650442538004, 9008
1650442538008, 9008
1650442538010, 9008
1650442538011, 9008
1650442538014, 9008
1650442538018, 9008
1650442538025, 9008
1650442538027, 9008
1650442538029, 9008
1650442538036, 9008
1650442538041, 9008
1650442538042, 9008
1650442538044, 9008
1650442538045, 9008
1650442538047, 9008
1650442538050, 9008
1650442538052, 9008
1650442538054, 9008
1650442538063, 8912
1650442538067, 9112
1650442538074, 9112
1650442538076, 9112
1650442538079, 9112
1650442538081, 9112
1650442538084, 9112
1650442538089, 9112
1650442538090, 9112
1650442538091, 9112
1650442538092, 9112
1650442538093, 9112
1650442538094, 9112
1650442538095, 9112
1650442538098, 9112
1650442538102, 9112
1650442538102, 9112
1650442538107, 9112
1650442538109, 9112
1650442538115, 9112
1650442538121, 9112
1650442538123, 9112
1650442538125, 9112
1650442538126, 9112
1650442538128, 8816
1650442538129, 8816
1650442538130, 8816
1650442538132, 8816
1650442538134, 8816
1650442538136, 8816
1650442538137, 8816
1650442538138, 8816
1650442538141, 8816
1650442538146, 8816
1650442538149, 8816
1650442538153, 8816
1650442538154, 8880
1650442538161, 8880
1650442538163, 8880
1650442538165, 8880
1650442538168, 8880
1650442538170, 8880
1650442538173, 8880
1650442538175, 8880
1650442538177, 8880
1650442538180, 8880
1650442538183, 8880
1650442538190, 8880
1650442538192, 8880
1650442538195, 8880
1650442538201, 8880
1650442538206, 8880
1650442538207, 8880
1650442538209, 8880
1650442538210, 8880
1650442538213, 8880
1650442538214, 8880
1650442538217, 8880
1650442538219, 8880
1650442538222, 8640
1650442538229, 8640
1650442538231, 8640
1650442538237, 8640
1650442538239, 8640
1650442538243, 8640
1650442538244, 8720
1650442538246, 9088
1650442538251, 9088
1650442538252, 9088
1650442538254, 9088
1650442538257, 9088
1650442538258, 9088
1650442538258, 9088
1650442538260, 9088
1650442538263, 9088
1650442538267, 9088
1650442538272, 9088
1650442538275, 9088
1650442538280, 9088
1650442538286, 9088
1650442538288, 9088
1650442538289, 9088
1650442538290, 9088
1650442538294, 9088
1650442538294, 9088
1650442538296, 9088
1650442538297, 9088
1650442538297, 9088
1650442538306, 9088
1650442538307, 8752
1650442538307, 8752
1650442538308, 8752
1650442538308, 8752
1650442538310, 8752
1650442538314, 8752
1650442538316, 8752
1650442538318, 8752
1650442538324, 8752
1650442538325, 8752
1650442538328, 8752
1650442538330, 8680
1650442538332, 8680
1650442538334, 8680
1650442538337, 8680
1650442538340, 8680
1650442538341, 8680
1650442538342, 8680
1650442538346, 8680
1650442538352, 8680
1650442538355, 8680
1650442538359, 8680
1650442538365, 8680
1650442538368, 8680
1650442538370, 8680
1650442538372, 8680
1650442538373, 8680
1650442538375, 8680
1650442538377, 8680
1650442538380, 8632
1650442538382, 8632
1650442538383, 8632
1650442538384, 8632
1650442538390, 8632
1650442538392, 8632
1650442538398, 8632
1650442538399, 8632
1650442538403, 8632
1650442538404, 8632
1650442538406, 8632
1650442538410, 8512
1650442538412, 8512
1650442538414, 8512
1650442538417, 8512
1650442538419, 8512
1650442538421, 8512
1650442538424, 8512
1650442538425, 8512
1650442538429, 8512
1650442538434, 8512
1650442538436, 8512
1650442538440, 8600
1650442538448, 8600
1650442538449, 8600
1650442538450, 8600
1650442538452, 8600
1650442538456, 8600
1650442538462, 8600
1650442538462, 9032
1650442538466, 9032
1650442538468, 9032
1650442538470, 9032
1650442538472, 9032
1650442538477, 9032
1650442538478, 9032
1650442538479, 9032
1650442538485, 9032
1650442538487, 9032
1650442538489, 9032
1650442538491, 9032
1650442538492, 9032
1650442538495, 9032
1650442538500, 9032
1650442538502, 9032
1650442538503, 9032
1650442538504, 9032
1650442538508, 9032
1650442538510, 9032
1650442538516, 9032
1650442538517, 9032
1650442538519, 9032
1650442538524, 8560
1650442538527, 8560
1650442538531, 8560
1650442538532, 8560
1650442538534, 8560
1650442538534, 8560
1650442538535, 8560
1650442538540, 8560
1650442538541, 8560
1650442538544, 8560
1650442538544, 8560
1650442538550, 8560
1650442538551, 8560
1650442538553, 8560
1650442538558, 8560
1650442538559, 8560
1650442538562, 8560
1650442538564, 8560
1650442538565, 8560
1650442538568, 8560
1650442538571, 8560
1650442538573, 8560
1650442538576, 8560
1650442538578, 8560
1650442538581, 8560
1650442538584, 8560
1650442538586, 8560
1650442538589, 8560
1650442538594, 8560
1650442538594, 8560
1650442538596, 8560
1650442538599, 8632
1650442538606, 8632
1650442538607, 8632
1650442538608, 8632
1650442538611, 8632
1650442538615, 8824
1650442538620, 8824
1650442538624, 8824
1650442538625, 8824
1650442538628, 8824
1650442538630, 8824
1650442538632, 8824
1650442538634, 8824
1650442538635, 8824
1650442538636, 8824
1650442538641, 8824
1650442538642, 8824
1650442538646, 8824
1650442538648, 8824
1650442538649, 8824
1650442538653, 8824
1650442538659, 8824
1650442538660, 8824
1650442538661, 8824
1650442538663, 8824
1650442538665, 8824
1650442538668, 8824
1650442538674, 8648
1650442538676, 8648
1650442538677, 8648
1650442538677, 8648
1650442538681, 8648
1650442538683, 8648
1650442538687, 8648
1650442538689, 8648
1650442538690, 8648
1650442538691, 8648
1650442538695, 8648
1650442538697, 8648
1650442538701, 8648
1650442538705, 8648
1650442538707, 8648
1650442538710, 8536
1650442538714, 8536
1650442538715, 8536
1650442538718, 8536
1650442538719, 8536
1650442538720, 8536
1650442538721, 8536
1650442538724, 8536
1650442538727, 8536
1650442538729, 8536
1650442538732, 8536
1650442538735, 8536
1650442538736, 8472
1650442538739, 8472
1650442538742, 8472
1650442538744, 8472
1650442538748, 8472
1650442538750, 8472
1650442538753, 8528
1650442538760, 8528
1650442538760, 8528
1650442538765, 8528
1650442538766, 8528
1650442538767, 8528
1650442538769, 8528
1650442538773, 8528
1650442538777, 8528
1650442538781, 8528
1650442538782, 8528
1650442538783, 8528
1650442538785, 8528
1650442538788, 8528
1650442538789, 8528
1650442538793, 8528
1650442538796, 8528
1650442538800, 8528
1650442538802, 8528
1650442538802, 8528
1650442538804, 8528
1650442538807, 8528
1650442538811, 8528
1650442538813, 8392
1650442538815, 8392
1650442538816, 8392
1650442538818, 8392
1650442538822, 8448
1650442538826, 8448
1650442538829, 8448
1650442538830, 8448
1650442538833, 8448
1650442538836, 8448
1650442538841, 8448
1650442538842, 8448
1650442538844, 8448
1650442538846, 8448
1650442538847, 8448
1650442538851, 8448
1650442538855, 8448
1650442538856, 8448
1650442538860, 8448
1650442538862, 8448
1650442538865, 8448
1650442538868, 8448
1650442538870, 8448
1650442538873, 8448
1650442538877, 8448
1650442538878, 8448
1650442538880, 8352
1650442538882, 8352
1650442538884, 8352
1650442538886, 8352
1650442538888, 8352
1650442538890, 8352
1650442538892, 8352
1650442538895, 8352
1650442538898, 8352
1650442538899, 8392
1650442538904, 8392
1650442538905, 8392
1650442538909, 8552
1650442538915, 8720
1650442538919, 8720
1650442538921, 8720
1650442538922, 8720
1650442538924, 8720
1650442538928, 8720
1650442538928, 8720
1650442538933, 8720
1650442538936, 8720
1650442538938, 8720
1650442538939, 8720
1650442538943, 8720
1650442538946, 8720
1650442538948, 8720
1650442538950, 8720
1650442538952, 8720
1650442538955, 8720
1650442538957, 8720
1650442538959, 8720
1650442538962, 8720
1650442538966, 8720
1650442538968, 8720
1650442538970, 8528
1650442538970, 8528
1650442538973, 8528
1650442538975, 8528
1650442538979, 8528
1650442538981, 8528
1650442538983, 8528
1650442538986, 8528
1650442538989, 8528
1650442538993, 8528
1650442538994, 8528
1650442538997, 8320
1650442538999, 8320
1650442539000, 8320
1650442539001, 8320
1650442539004, 8360
1650442539008, 8360
1650442539010, 8360
1650442539014, 8360
1650442539015, 8360
1650442539018, 8360
1650442539021, 8360
1650442539024, 8360
1650442539029, 8360
1650442539030, 8360
1650442539031, 8360
1650442539033, 8360
1650442539035, 8360
1650442539037, 8360
1650442539039, 8360
1650442539041, 8360
1650442539041, 8360
1650442539043, 8360
1650442539049, 8360
1650442539050, 8360
1650442539051, 8360
1650442539053, 8360
1650442539057, 8328
1650442539058, 8328
1650442539062, 8328
1650442539069, 8328
1650442539071, 8328
1650442539074, 8328
1650442539076, 8328
1650442539078, 8328
1650442539083, 8328
1650442539083, 8328
1650442539086, 8328
1650442539088, 8328
1650442539090, 8328
1650442539091, 8328
1650442539095, 8328
1650442539099, 8328
1650442539100, 8328
1650442539102, 8328
1650442539104, 8328
1650442539108, 8328
1650442539111, 8328
1650442539113, 8256
1650442539116, 8256
1650442539119, 8256
1650442539122, 8256
1650442539124, 8256
1650442539125, 8256
1650442539128, 8256
1650442539129, 8256
1650442539137, 8256
1650442539137, 8256
1650442539138, 8256
1650442539140, 8256
1650442539142, 8328
1650442539146, 8328
1650442539148, 8328
1650442539150, 8328
1650442539152, 8328
1650442539154, 8328
1650442539155, 8328
1650442539158, 8328
1650442539163, 8328
1650442539165, 8328
1650442539166, 8328
1650442539167, 8328
1650442539168, 8328
1650442539171, 8328
1650442539174, 8328
1650442539177, 8360
1650442539181, 8360
1650442539182, 8360
1650442539184, 8360
1650442539186, 8360
1650442539188, 8360
1650442539190, 8360
1650442539192, 8360
1650442539194, 8360
1650442539197, 8528
1650442539201, 8528
1650442539203, 8528
1650442539205, 8528
1650442539206, 8528
1650442539210, 8528
1650442539212, 8528
1650442539213, 8528
1650442539221, 8528
1650442539225, 8528
1650442539225, 8528
1650442539229, 8528
1650442539233, 8528
1650442539237, 8528
1650442539237, 8528
1650442539239, 8528
1650442539241, 8528
1650442539242, 8528
1650442539244, 8528
1650442539247, 8528
1650442539253, 8528
1650442539253, 8528
1650442539255, 8528
1650442539256, 8200
1650442539257, 8200
1650442539259, 8200
1650442539262, 8200
1650442539265, 8200
1650442539267, 8200
1650442539270, 8200
1650442539274, 8200
1650442539276, 8200
1650442539277, 8200
1650442539280, 8200
1650442539282, 8512
1650442539288, 8512
1650442539290, 8512
1650442539292, 8512
1650442539294, 8512
1650442539295, 8512
1650442539298, 8512
1650442539300, 8512
1650442539302, 8512
1650442539304, 8512
1650442539306, 8512
1650442539307, 8512
1650442539315, 8512
1650442539316, 8512
1650442539317, 8512
1650442539317, 8512
1650442539319, 8512
1650442539322, 8512
1650442539325, 8512
1650442539328, 8512
1650442539331, 8512
1650442539332, 8512
1650442539335, 8096
1650442539337, 8096
1650442539338, 8096
1650442539339, 8096
1650442539341, 8096
1650442539342, 8096
1650442539345, 8096
1650442539347, 8160
1650442539351, 8160
1650442539353, 8160
1650442539355, 8160
1650442539357, 8168
1650442539364, 8168
1650442539365, 8168
1650442539366, 8328
1650442539374, 8328
1650442539377, 8328
1650442539380, 8328
1650442539382, 8328
1650442539385, 8328
1650442539387, 8328
1650442539390, 8328
1650442539393, 8328
1650442539395, 8328
1650442539395, 8328
1650442539398, 8328
1650442539403, 8328
1650442539405, 8328
1650442539406, 8328
1650442539408, 8328
1650442539410, 8328
1650442539413, 8328
1650442539416, 8328
1650442539418, 8328
1650442539422, 8328
1650442539422, 8328
1650442539425, 8328
1650442539426, 8288
1650442539428, 8288
1650442539431, 8288
1650442539433, 8288
1650442539438, 8288
1650442539440, 8288
1650442539441, 8288
1650442539442, 8288
1650442539445, 8288
1650442539448, 8288
1650442539449, 8288
1650442539452, 8224
1650442539453, 8224
1650442539456, 8224
1650442539458, 8488
1650442539464, 8488
1650442539464, 8488
1650442539468, 8488
1650442539471, 8488
1650442539472, 8488
1650442539472, 8488
1650442539475, 8488
1650442539478, 8488
1650442539481, 8488
1650442539483, 8488
1650442539486, 8488
1650442539488, 8488
1650442539489, 8488
1650442539491, 8488
1650442539494, 8488
1650442539496, 8488
1650442539497, 8488
1650442539498, 8488
1650442539503, 8488
1650442539505, 8488
1650442539507, 8488
1650442539508, 8488
1650442539509, 8496
1650442539514, 8496
1650442539517, 8496
1650442539519, 8496
1650442539527, 8496
1650442539528, 8496
1650442539532, 8496
1650442539533, 8496
1650442539534, 8496
1650442539537, 8496
1650442539539, 8496
1650442539542, 8496
1650442539546, 8496
1650442539547, 8496
1650442539550, 8496
1650442539555, 8496
1650442539556, 8496
1650442539557, 8496
1650442539559, 8496
1650442539560, 8496
1650442539562, 8496
1650442539566, 8496
1650442539568, 8216
1650442539571, 8216
1650442539575, 8216
1650442539576, 8216
1650442539578, 8216
1650442539580, 8216
1650442539582, 8232
1650442539586, 8232
1650442539588, 8232
1650442539589, 8232
1650442539591, 8232
1650442539593, 8232
1650442539596, 8232
1650442539597, 8232
1650442539598, 8232
1650442539601, 8232
1650442539603, 8232
1650442539605, 8232
1650442539607, 8256
1650442539613, 8264
1650442539618, 8264
1650442539618, 8264
1650442539620, 8264
1650442539622, 8264
1650442539629, 8264
1650442539630, 8264
1650442539630, 8264
1650442539632, 8264
1650442539635, 8264
1650442539636, 8264
1650442539638, 8264
1650442539640, 8264
1650442539642, 8264
1650442539644, 8264
1650442539645, 8264
1650442539647, 8264
1650442539650, 8264
1650442539653, 8264
1650442539655, 8264
1650442539657, 8264
1650442539658, 8264
1650442539664, 8216
1650442539668, 8216
1650442539669, 8216
1650442539673, 8216
1650442539676, 8216
1650442539678, 8216
1650442539681, 8216
1650442539681, 8216
1650442539683, 8216
1650442539685, 8216
1650442539688, 8216
1650442539690, 8216
1650442539693, 8216
1650442539696, 8216
1650442539698, 8320
1650442539703, 8320
1650442539704, 8320
1650442539706, 8320
1650442539707, 8320
1650442539708, 8320
1650442539711, 8320
1650442539715, 8320
1650442539718, 8320
1650442539720, 8320
1650442539721, 8320
1650442539724, 8320
1650442539726, 8320
1650442539728, 8320
1650442539729, 8320
1650442539732, 8320
1650442539734, 8320
1650442539736, 8320
1650442539738, 8320
1650442539739, 8320
1650442539742, 8320
1650442539744, 8320
1650442539746, 8144
1650442539748, 8144
1650442539750, 8144
1650442539752, 8144
1650442539754, 8144
1650442539760, 8240
1650442539763, 8240
1650442539765, 8240
1650442539768, 8240
1650442539773, 8240
1650442539774, 8240
1650442539775, 8240
1650442539780, 8240
1650442539781, 8240
1650442539788, 8240
1650442539788, 8240
1650442539788, 8240
1650442539788, 8240
1650442539790, 8240
1650442539792, 8240
1650442539794, 8240
1650442539797, 8240
1650442539799, 8240
1650442539805, 8240
1650442539806, 8240
1650442539808, 8240
1650442539813, 8240
1650442539814, 8240
1650442539816, 8144
1650442539817, 8144
1650442539820, 8144
1650442539822, 8144
1650442539823, 8192
1650442539827, 8192
1650442539828, 8192
1650442539831, 8192
1650442539833, 8192
1650442539835, 8192
1650442539837, 8192
1650442539842, 8192
1650442539843, 8216
1650442539848, 8216
1650442539848, 8216
1650442539850, 8216
1650442539851, 8216
1650442539853, 8216
1650442539855, 8216
1650442539858, 8216
1650442539861, 8216
1650442539864, 8216
1650442539867, 8216
1650442539868, 8216
1650442539871, 8216
1650442539873, 8216
1650442539875, 8216
1650442539877, 8216
1650442539879, 8216
1650442539882, 8216
1650442539883, 8216
1650442539885, 8216
1650442539886, 8216
1650442539889, 8216
1650442539890, 8216
1650442539892, 8056
1650442539894, 8056
1650442539896, 8056
1650442539898, 8056
1650442539900, 8056
1650442539903, 8056
1650442539907, 8160
1650442539911, 8160
1650442539913, 8160
1650442539916, 8160
1650442539920, 8160
1650442539921, 8160
1650442539923, 8208
1650442539927, 8208
1650442539930, 8496
1650442539932, 8496
1650442539935, 8496
1650442539938, 8496
1650442539940, 8496
1650442539942, 8496
1650442539945, 8496
1650442539947, 8496
1650442539952, 8496
1650442539954, 8496
1650442539956, 8496
1650442539960, 8496
1650442539961, 8496
1650442539963, 8496
1650442539964, 8496
1650442539966, 8496
1650442539969, 8496
1650442539969, 8496
1650442539972, 8496
1650442539974, 8496
1650442539974, 8496
1650442539976, 8496
1650442539977, 8496
1650442539979, 8104
1650442539982, 8104
1650442539986, 8104
1650442539987, 8104
1650442539996, 8104
1650442539997, 8104
1650442539997, 8104
1650442539997, 8104
1650442539998, 8104
1650442540000, 8104
1650442540002, 8104
1650442540005, 8104
1650442540007, 8104
1650442540010, 8104
1650442540011, 8104
1650442540015, 8104
1650442540017, 8104
1650442540018, 8080
1650442540020, 8080
1650442540023, 8080
1650442540025, 8080
1650442540027, 8080
1650442540029, 8080
1650442540031, 8080
1650442540033, 8080
1650442540036, 8080
1650442540038, 8080
1650442540040, 8080
1650442540042, 8080
1650442540042, 8080
1650442540044, 8080
1650442540046, 8080
1650442540051, 8080
1650442540054, 8080
1650442540056, 7944
1650442540058, 7984
1650442540062, 7984
1650442540064, 7984
1650442540065, 8040
1650442540070, 8040
1650442540072, 8040
1650442540074, 8040
1650442540077, 8040
1650442540080, 8040
1650442540083, 8040
1650442540084, 8040
1650442540085, 8040
1650442540087, 8040
1650442540090, 8040
1650442540096, 8040
1650442540098, 8040
1650442540106, 8040
1650442540106, 8040
1650442540108, 8040
1650442540108, 8040
1650442540108, 8040
1650442540110, 8040
1650442540112, 8040
1650442540115, 8040
1650442540117, 8040
1650442540119, 7936
1650442540120, 7936
1650442540123, 7936
1650442540127, 8000
1650442540128, 8000
1650442540130, 8000
1650442540133, 8464
1650442540141, 8464
1650442540141, 8464
1650442540142, 8464
1650442540144, 8464
1650442540146, 8464
1650442540152, 8464
1650442540152, 8464
1650442540156, 8464
1650442540157, 8464
1650442540160, 8464
1650442540162, 8464
1650442540164, 8464
1650442540166, 8464
1650442540168, 8464
1650442540170, 8464
1650442540173, 8464
1650442540174, 8464
1650442540174, 8464
1650442540176, 8464
1650442540178, 8464
1650442540180, 8464
1650442540183, 7968
1650442540184, 7968
1650442540187, 7968
1650442540189, 7968
1650442540192, 7968
1650442540196, 7968
1650442540200, 7968
1650442540202, 7968
1650442540204, 8008
1650442540207, 8008
1650442540209, 8008
1650442540210, 8048
1650442540212, 8048
1650442540215, 8048
1650442540216, 8048
1650442540219, 8048
1650442540224, 8048
1650442540225, 8048
1650442540228, 8048
1650442540229, 8048
1650442540233, 8048
1650442540234, 8048
1650442540235, 8080
1650442540241, 8080
1650442540243, 8312
1650442540248, 8312
1650442540250, 8312
1650442540252, 8312
1650442540254, 8312
1650442540255, 8312
1650442540256, 8312
1650442540258, 8312
1650442540260, 8312
1650442540264, 8312
1650442540267, 8312
1650442540268, 8312
1650442540271, 8312
1650442540274, 8312
1650442540286, 8312
1650442540286, 8312
1650442540287, 8312
1650442540287, 8312
1650442540292, 8312
1650442540296, 8312
1650442540296, 8312
1650442540298, 8312
1650442540300, 8312
1650442540302, 8256
1650442540305, 8256
1650442540307, 8256
1650442540310, 8256
1650442540311, 8256
1650442540315, 8256
1650442540317, 8256
1650442540319, 8256
1650442540326, 8256
1650442540326, 8256
1650442540328, 8256
1650442540329, 8256
1650442540330, 8160
1650442540333, 8160
1650442540337, 8160
1650442540338, 8160
1650442540340, 8160
1650442540342, 8160
1650442540345, 8160
1650442540347, 8160
1650442540350, 8160
1650442540351, 8160
1650442540352, 8160
1650442540354, 8160
1650442540356, 8160
1650442540360, 8160
1650442540364, 8112
1650442540366, 8112
1650442540368, 8112
1650442540369, 8288
1650442540372, 8288
1650442540374, 8288
1650442540376, 8288
1650442540380, 8288
1650442540382, 8288
1650442540385, 8288
1650442540390, 8288
1650442540393, 8288
1650442540395, 8288
1650442540397, 8288
1650442540398, 8288
1650442540399, 8288
1650442540402, 8288
1650442540403, 8288
1650442540406, 8288
1650442540409, 8288
1650442540410, 8288
1650442540414, 8288
1650442540418, 8768
1650442540421, 8768
1650442540427, 8768
1650442540429, 8768
1650442540434, 8768
1650442540441, 8768
1650442540442, 8768
1650442540442, 8768
1650442540443, 8768
1650442540447, 8768
1650442540449, 8768
1650442540452, 8768
1650442540453, 8768
1650442540456, 8768
1650442540458, 8768
1650442540462, 8768
1650442540463, 8768
1650442540467, 8768
1650442540469, 8768
1650442540471, 8768
1650442540473, 8768
1650442540476, 8768
1650442540480, 8768
1650442540481, 8344
1650442540484, 8344
1650442540485, 8344
1650442540488, 8344
1650442540490, 8344
1650442540494, 8344
1650442540494, 8344
1650442540496, 8344
1650442540498, 8344
1650442540500, 8344
1650442540503, 8344
1650442540505, 8344
1650442540507, 8344
1650442540509, 8344
1650442540510, 8344
1650442540511, 8104
1650442540516, 8104
1650442540517, 8104
1650442540519, 8104
1650442540524, 8104
1650442540527, 8104
1650442540529, 8104
1650442540535, 8104
1650442540539, 8104
1650442540541, 8104
1650442540543, 8104
1650442540545, 8104
1650442540546, 8112
1650442540547, 8112
1650442540549, 8112
1650442540550, 8112
1650442540552, 8112
1650442540555, 8112
1650442540556, 8112
1650442540560, 8112
1650442540563, 8112
1650442540565, 8216
1650442540571, 8216
1650442540575, 8216
1650442540578, 8504
1650442540584, 8504
1650442540586, 8504
1650442540588, 8504
1650442540589, 8504
1650442540592, 8504
1650442540594, 8504
1650442540597, 8504
1650442540598, 8504
1650442540602, 8504
1650442540605, 8504
1650442540609, 8504
1650442540610, 8504
1650442540613, 8504
1650442540615, 8504
1650442540618, 8504
1650442540621, 8504
1650442540623, 8504
1650442540626, 8504
1650442540628, 8504
1650442540630, 8504
1650442540631, 8504
1650442540635, 8504
1650442540635, 8120
1650442540636, 8184
1650442540640, 8184
1650442540641, 8184
1650442540644, 8184
1650442540646, 8184
1650442540652, 8184
1650442540655, 8184
1650442540657, 8184
1650442540658, 8184
1650442540659, 8184
1650442540660, 8184
1650442540662, 8184
1650442540663, 8184
1650442540665, 8184
1650442540670, 8184
1650442540672, 8184
1650442540675, 8184
1650442540677, 8184
1650442540680, 8184
1650442540685, 8184
1650442540687, 8184
1650442540689, 8184
1650442540692, 8136
1650442540694, 8136
1650442540695, 8136
1650442540697, 8136
1650442540699, 8136
1650442540703, 8136
1650442540704, 8136
1650442540706, 8136
1650442540708, 8136
1650442540710, 8136
1650442540713, 8136
1650442540717, 8136
1650442540719, 8136
1650442540720, 8136
1650442540722, 8136
1650442540728, 8136
1650442540730, 8136
1650442540733, 8136
1650442540734, 8072
1650442540737, 8072
1650442540738, 8072
1650442540742, 8072
1650442540744, 8072
1650442540749, 8072
1650442540750, 8072
1650442540754, 8072
1650442540756, 8072
1650442540760, 8072
1650442540761, 8072
1650442540764, 8072
1650442540766, 8072
1650442540768, 8072
1650442540769, 8072
1650442540772, 8072
1650442540774, 8072
1650442540776, 8072
1650442540779, 8040
1650442540781, 8040
1650442540782, 8040
1650442540785, 8040
1650442540787, 8040
1650442540789, 8040
1650442540792, 8184
1650442540798, 8184
1650442540799, 8184
1650442540800, 8184
1650442540801, 8184
1650442540803, 8184
1650442540804, 8184
1650442540804, 8184
1650442540810, 8184
1650442540810, 8184
1650442540812, 8184
1650442540815, 8184
1650442540817, 8184
1650442540819, 8184
1650442540823, 8184
1650442540828, 8184
1650442540830, 8184
1650442540832, 8184
1650442540834, 8184
1650442540837, 8184
1650442540839, 8184
1650442540839, 8184
1650442540842, 7960
1650442540846, 7960
1650442540847, 7960
1650442540849, 7960
1650442540849, 7960
1650442540851, 7960
1650442540854, 7960
1650442540857, 7960
1650442540860, 7960
1650442540862, 7960
1650442540864, 7960
1650442540869, 7960
1650442540870, 7960
1650442540872, 7960
1650442540874, 7960
1650442540877, 7960
1650442540878, 7960
1650442540882, 7960
1650442540884, 7960
1650442540889, 7960
1650442540891, 7960
1650442540892, 7960
1650442540894, 7960
1650442540901, 7960
1650442540902, 7960
1650442540903, 7960
1650442540905, 7960
1650442540907, 7960
1650442540909, 7928
1650442540911, 7928
1650442540913, 7928
1650442540916, 7928
1650442540918, 7928
1650442540920, 7928
1650442540922, 7928
1650442540924, 7928
1650442540927, 7928
1650442540930, 7928
1650442540933, 7928
1650442540936, 7928
1650442540937, 7928
1650442540939, 7840
1650442540940, 7840
1650442540941, 7840
1650442540943, 7840
1650442540946, 8072
1650442540950, 8072
1650442540953, 8072
1650442540955, 8072
1650442540957, 8072
1650442540959, 8072
1650442540963, 8072
1650442540969, 8072
1650442540971, 8072
1650442540973, 8072
1650442540976, 8072
1650442540978, 8072
1650442540979, 8072
1650442540980, 8072
1650442540983, 8072
1650442540986, 8072
1650442540987, 8072
1650442540988, 8072
1650442540990, 8072
1650442540993, 8072
1650442540996, 8072
1650442540998, 8072
1650442541000, 8072
1650442541001, 7848
1650442541004, 7888
1650442541008, 7888
1650442541009, 7888
1650442541012, 7888
1650442541013, 7888
1650442541017, 7888
1650442541019, 7888
1650442541021, 7888
1650442541023, 7888
1650442541027, 7888
1650442541029, 7888
1650442541032, 8104
1650442541038, 8104
1650442541039, 8104
1650442541041, 8104
1650442541044, 8104
1650442541045, 8104
1650442541049, 8104
1650442541050, 8104
1650442541050, 8104
1650442541051, 8104
1650442541054, 8104
1650442541057, 8104
1650442541058, 8104
1650442541060, 8104
1650442541063, 8104
1650442541065, 8104
1650442541069, 8104
1650442541071, 8104
1650442541074, 8104
1650442541076, 8104
1650442541077, 8104
1650442541078, 8104
1650442541081, 7952
1650442541084, 7952
1650442541084, 7952
1650442541087, 7952
1650442541089, 7952
1650442541091, 7952
1650442541095, 7952
1650442541096, 7952
1650442541101, 7952
1650442541106, 7952
1650442541109, 7952
1650442541112, 7952
1650442541114, 7952
1650442541116, 7952
1650442541118, 7952
1650442541120, 7952
1650442541122, 7824
1650442541124, 7824
1650442541126, 7824
1650442541126, 7824
1650442541128, 7824
1650442541128, 7824
1650442541131, 7824
1650442541134, 7824
1650442541136, 7824
1650442541139, 7824
1650442541141, 7824
1650442541144, 7824
1650442541147, 7824
1650442541149, 7824
1650442541151, 7672
1650442541152, 7792
1650442541157, 7792
1650442541158, 7792
1650442541161, 7792
1650442541163, 7792
1650442541167, 7792
1650442541168, 7792
1650442541209, 7792
1650442541213, 7792
1650442541213, 7792
1650442541214, 7792
1650442541214, 7792
1650442541215, 7792
1650442541215, 7792
1650442541216, 7792
1650442541217, 7792
1650442541219, 7792
1650442541220, 7792
1650442541225, 7792
1650442541226, 7792
1650442541230, 7792
1650442541230, 7792
1650442541232, 7792
1650442541234, 6504
1650442541237, 6504
1650442541239, 6504
1650442541242, 6504
1650442541245, 6504
1650442541246, 6504
1650442541251, 6504
1650442541253, 6504
1650442541255, 6504
1650442541255, 6504
1650442541257, 6504
1650442541260, 6504
1650442541264, 6504
1650442541265, 6456
1650442541277, 6456
1650442541278, 6456
1650442541278, 6456
1650442541279, 6456
1650442541281, 6456
1650442541284, 6456
1650442541286, 6456
1650442541289, 6456
1650442541291, 6472
1650442541294, 6472
1650442541295, 6472
1650442541298, 6472
1650442541299, 6472
1650442541300, 6472
1650442541302, 6472
1650442541303, 6552
1650442541307, 6552
1650442541310, 6552
1650442541312, 6552
1650442541315, 6552
1650442541317, 6552
1650442541319, 6552
1650442541320, 6552
1650442541324, 6552
1650442541326, 6552
1650442541328, 6552
1650442541330, 6552
1650442541334, 6552
1650442541335, 9600
1650442541338, 9600
1650442541347, 9600
1650442541352, 9600
1650442541353, 9600
1650442541354, 9600
1650442541356, 9600
1650442541357, 9600
1650442541360, 9600
1650442541361, 9600
1650442541366, 9600
1650442541367, 9600
1650442541371, 9600
1650442541373, 9600
1650442541376, 9600
1650442541377, 9600
1650442541380, 9600
1650442541380, 9600
1650442541382, 9600
1650442541384, 9600
1650442541385, 9600
1650442541389, 9600
1650442541392, 9600
1650442541393, 8136
1650442541395, 8136
1650442541399, 8136
1650442541401, 8136
1650442541403, 8392
1650442541410, 8392
1650442541412, 8392
1650442541413, 8392
1650442541414, 8392
1650442541421, 8392
1650442541422, 8392
1650442541422, 8392
1650442541425, 8392
1650442541425, 8392
1650442541425, 8392
1650442541429, 8392
1650442541430, 8392
1650442541432, 8392
1650442541433, 8392
1650442541434, 8392
1650442541437, 8392
1650442541441, 8392
1650442541441, 8392
1650442541442, 8392
1650442541443, 8392
1650442541445, 8392
1650442541447, 7704
1650442541449, 7704
1650442541452, 7704
1650442541453, 7704
1650442541456, 7704
1650442541457, 7704
1650442541460, 7704
1650442541462, 7704
1650442541464, 7704
1650442541466, 7704
1650442541474, 7728
1650442541481, 7728
1650442541485, 7728
1650442541486, 7728
1650442541488, 7728
1650442541489, 7728
1650442541489, 7728
1650442541491, 7728
1650442541495, 7728
1650442541496, 7728
1650442541502, 7728
1650442541503, 7728
1650442541507, 7728
1650442541509, 7728
1650442541510, 7728
1650442541512, 7728
1650442541515, 7728
1650442541517, 7728
1650442541518, 7728
1650442541522, 7728
1650442541525, 7728
1650442541526, 7728
1650442541528, 7760
1650442541531, 7760
1650442541534, 7760
1650442541536, 7896
1650442541542, 7896
1650442541544, 7896
1650442541545, 7896
1650442541547, 8152
1650442541549, 8152
1650442541553, 8152
1650442541557, 8152
1650442541560, 8152
1650442541562, 8152
1650442541563, 8152
1650442541565, 8152
1650442541569, 8152
1650442541574, 8152
1650442541575, 8152
1650442541578, 8152
1650442541580, 8152
1650442541580, 8152
1650442541581, 8152
1650442541584, 8152
1650442541586, 8152
1650442541588, 8152
1650442541590, 8152
1650442541592, 8152
1650442541595, 8152
1650442541596, 8152
1650442541596, 8152
1650442541602, 8080
1650442541609, 8080
1650442541612, 8080
1650442541613, 8080
1650442541616, 8080
1650442541617, 8080
1650442541618, 8080
1650442541623, 8080
1650442541625, 8080
1650442541629, 8080
1650442541630, 8080
1650442541632, 8080
1650442541634, 8080
1650442541636, 8080
1650442541637, 8080
1650442541639, 8080
1650442541642, 8080
1650442541644, 8080
1650442541645, 8080
1650442541648, 8080
1650442541650, 8080
1650442541654, 8080
1650442541655, 7872
1650442541657, 7872
1650442541659, 7872
1650442541661, 7872
1650442541666, 7872
1650442541668, 7872
1650442541671, 7872
1650442541674, 7872
1650442541677, 7872
1650442541679, 7872
1650442541681, 7872
1650442541684, 7872
1650442541686, 7824
1650442541688, 7824
1650442541690, 7824
1650442541692, 7848
1650442541696, 7848
1650442541697, 8000
1650442541700, 8000
1650442541702, 8000
1650442541705, 8000
1650442541707, 8000
1650442541709, 8000
1650442541712, 8000
1650442541715, 8000
1650442541717, 8000
1650442541719, 8000
1650442541720, 8000
1650442541724, 8000
1650442541730, 8000
1650442541733, 8000
1650442541734, 8000
1650442541737, 8000
1650442541738, 8000
1650442541741, 8000
1650442541744, 8000
1650442541746, 8080
1650442541750, 8080
1650442541752, 8080
1650442541753, 8080
1650442541756, 8080
1650442541757, 8080
1650442541758, 8080
1650442541760, 8080
1650442541761, 8080
1650442541763, 8080
1650442541765, 8080
1650442541766, 8080
1650442541769, 8080
1650442541771, 8080
1650442541773, 8080
1650442541775, 8080
1650442541781, 8080
1650442541781, 8080
1650442541781, 8080
1650442541787, 8080
1650442541791, 8080
1650442541792, 8080
1650442541797, 8016
1650442541798, 8016
1650442541800, 8016
1650442541802, 8016
1650442541805, 8016
1650442541806, 8016
1650442541806, 8016
1650442541808, 8016
1650442541810, 8016
1650442541811, 8016
1650442541815, 8016
1650442541817, 8016
1650442541818, 8016
1650442541821, 8016
1650442541824, 8016
1650442541829, 8016
1650442541830, 8016
1650442541831, 8016
1650442541833, 7944
1650442541836, 7944
1650442541838, 7944
1650442541840, 7944
1650442541844, 7944
1650442541845, 7944
1650442541850, 7944
1650442541851, 7944
1650442541852, 7944
1650442541855, 7944
1650442541857, 7944
1650442541861, 7944
1650442541862, 7976
1650442541866, 7976
1650442541867, 7976
1650442541870, 7976
1650442541873, 7976
1650442541875, 7976
1650442541875, 7976
1650442541882, 7976
1650442541882, 7976
1650442541884, 7976
1650442541885, 7976
1650442541885, 7976
1650442541885, 7976
1650442541886, 7976
1650442541886, 7976
1650442541889, 7976
1650442541890, 8352
1650442541896, 8352
1650442541903, 8352
1650442541906, 8352
1650442541907, 8352
1650442541912, 8352
1650442541913, 8352
1650442541921, 8352
1650442541922, 8352
1650442541922, 8352
1650442541922, 8352
1650442541924, 8352
1650442541925, 8352
1650442541926, 8352
1650442541929, 8352
1650442541930, 8352
1650442541932, 8352
1650442541934, 8352
1650442541937, 8352
1650442541945, 8352
1650442541945, 8352
1650442541946, 8352
1650442541947, 7968
1650442541951, 7968
1650442541952, 7968
1650442541954, 7968
1650442541956, 7968
1650442541959, 7968
1650442541961, 7968
1650442541964, 7968
1650442541966, 7968
1650442541968, 7968
1650442541970, 7968
1650442541971, 7968
1650442541972, 7968
1650442541978, 7968
1650442541980, 7936
1650442541982, 7936
1650442541984, 7936
1650442541987, 7976
1650442541990, 7976
1650442541993, 8408
1650442541997, 8408
1650442542000, 8408
1650442542000, 8408
1650442542002, 8408
1650442542003, 8408
1650442542003, 8408
1650442542005, 8408
1650442542010, 8408
1650442542015, 8408
1650442542019, 8408
1650442542020, 8408
1650442542025, 8408
1650442542027, 8656
1650442542033, 8656
1650442542036, 8656
1650442542038, 8656
1650442542038, 8656
1650442542039, 8656
1650442542042, 8656
1650442542043, 8656
1650442542044, 8656
1650442542046, 8656
1650442542049, 8656
1650442542052, 8656
1650442542058, 8656
1650442542060, 8656
1650442542062, 8656
1650442542066, 8656
1650442542068, 8656
1650442542069, 8656
1650442542070, 8656
1650442542075, 8656
1650442542076, 8656
1650442542079, 8656
1650442542080, 8424
1650442542082, 8424
1650442542083, 8424
1650442542085, 8424
1650442542094, 8424
1650442542095, 8424
1650442542095, 8424
1650442542096, 8424
1650442542099, 8424
1650442542103, 8424
1650442542109, 8424
1650442542112, 7920
1650442542113, 8104
1650442542115, 8272
1650442542118, 8272
1650442542120, 8272
1650442542121, 8272
1650442542125, 8272
1650442542126, 8272
1650442542132, 8272
1650442542135, 8272
1650442542137, 8272
1650442542141, 8272
1650442542142, 8272
1650442542147, 8272
1650442542148, 8272
1650442542151, 8272
1650442542153, 8272
1650442542157, 8272
1650442542158, 8272
1650442542159, 8272
1650442542161, 8272
1650442542163, 8272
1650442542166, 8272
1650442542168, 8272
1650442542171, 8272
1650442542176, 8072
1650442542178, 8112
1650442542180, 8120
1650442542183, 8120
1650442542185, 8120
1650442542186, 8304
1650442542191, 8304
1650442542192, 8304
